1,0.000005
2,0.000003
3,0.000006
4,0.000006
5,0.000003
6,0.000007
7,0.000005
8,0.000006
9,0.000064
10,0.010174
1,0.000004
2,0.000005
3,0.000007
4,0.000006
5,0.000003
6,0.000006
7,0.000005
8,0.000003
9,0.000003
10,0.017078
1,0.000003
2,0.000003
3,0.000005
4,0.000003
5,0.000003
6,0.000005
7,0.000003
8,0.000008
9,0.000003
10,0.008616
1,0.000004
2,0.000003
3,0.000006
4,0.000006
5,0.000003
6,0.000003
7,0.000003
8,0.000003
9,0.000003
10,0.013038
1,0.000006
2,0.000028
3,0.000003
4,0.000003
5,0.000004
6,0.000003
7,0.000009
8,0.000004
9,0.000007
10,0.015794
1,0.000003
2,0.000004
3,0.000003
4,0.000004
5,0.000003
6,0.000003
7,0.000003
8,0.000003
9,0.000003
10,0.011967
1,0.000005
2,0.000005
3,0.000003
4,0.000003
5,0.000004
6,0.000004
7,0.000005
8,0.000007
9,0.000003
10,0.012250
1,0.000003
2,0.000003
3,0.000006
4,0.000003
5,0.000003
6,0.000004
7,0.000003
8,0.000003
9,0.000003
10,0.012694
1,0.000003
2,0.000003
3,0.000003
4,0.000008
5,0.000004
6,0.000005
7,0.000006
8,0.000005
9,0.000003
10,0.014127
1,0.000006
2,0.000005
3,0.000005
4,0.000006
5,0.000005
6,0.000003
7,0.000003
8,0.000003
9,0.000011
10,0.015895
