100,0.012704
500,0.014030
1000,0.008166
5000,0.008005
10000,0.016685
100,0.008876
500,0.012028
1000,0.008460
5000,0.022313
10000,0.022810
100,0.012054
500,0.012287
1000,0.007995
5000,0.019216
10000,0.059166
100,0.009705
500,0.011239
1000,0.014061
5000,0.011736
10000,0.061810
100,0.011421
500,0.013181
1000,0.012977
5000,0.010665
10000,0.094815
100,0.011526
500,0.009935
1000,0.013999
5000,0.017300
10000,0.166987
100,0.009002
500,0.013848
1000,0.008499
5000,0.009442
10000,0.023857
100,0.013895
500,0.007157
1000,0.014269
5000,0.018945
10000,0.019248
100,0.012961
500,0.012040
1000,0.011807
5000,0.016258
10000,0.019602
100,0.010515
500,0.010397
1000,0.008869
5000,0.015634
10000,0.014309
