10,0.000003
100,0.010776
500,0.012107
1000,0.013337
5000,0.015311
10000,0.024146
10,0.000048
100,0.011246
500,0.012393
1000,0.014361
5000,0.013895
10000,0.023312
10,0.000007
100,0.011180
500,0.011190
1000,0.014874
5000,0.015407
10000,0.023885
10,0.000054
100,0.010821
500,0.014379
1000,0.010875
5000,0.015056
10000,0.020099
10,0.000003
100,0.011733
500,0.014414
1000,0.016738
5000,0.014118
10000,0.023015
10,0.000008
100,0.010501
500,0.012587
1000,0.010231
5000,0.014064
10000,0.019471
10,0.000007
100,0.016067
500,0.012808
1000,0.014895
5000,0.012068
10000,0.020184
10,0.000008
100,0.015088
500,0.013555
1000,0.013820
5000,0.014295
10000,0.017286
10,0.000003
100,0.011559
500,0.014413
1000,0.014162
5000,0.014182
10000,0.018455
10,0.000005
100,0.013582
500,0.011314
1000,0.015883
5000,0.015896
10000,0.018700
