100,0.000706
500,0.000069
1000,0.000211
5000,0.006249
10000,0.027412
100,0.000196
500,0.000322
1000,0.000215
5000,0.006504
10000,0.028206
100,0.000197
500,0.000076
1000,0.000226
5000,0.006234
10000,0.027544
100,0.000225
500,0.000064
1000,0.000213
5000,0.006409
10000,0.029193
100,0.000675
500,0.000145
1000,0.000221
5000,0.006498
10000,0.027093
100,0.000291
500,0.000144
1000,0.000211
5000,0.006308
10000,0.027352
100,0.000324
500,0.000085
1000,0.000211
5000,0.006404
10000,0.027059
100,0.000604
500,0.000144
1000,0.000560
5000,0.006718
10000,0.026841
100,0.000657
500,0.000151
1000,0.000238
5000,0.005852
10000,0.026319
100,0.000743
500,0.000074
1000,0.000239
5000,0.005880
10000,0.030343
