1,0.000710
2,0.001270
3,0.001336
4,0.000740
5,0.001406
6,0.001257
7,0.001343
8,0.000715
9,0.000278
10,0.000599
1,0.000714
2,0.000740
3,0.000953
4,0.000834
5,0.000714
6,0.000716
7,0.001108
8,0.000526
9,0.000197
10,0.001413
1,0.000635
2,0.000977
3,0.000933
4,0.000714
5,0.000636
6,0.001334
7,0.002079
8,0.000320
9,0.001419
10,0.000669
1,0.000528
2,0.000725
3,0.000717
4,0.000713
5,0.000697
6,0.001382
7,0.000718
8,0.001480
9,0.000708
10,0.000697
1,0.000776
2,0.000717
3,0.001590
4,0.000628
5,0.000560
6,0.000733
7,0.000759
8,0.000787
9,0.000812
10,0.000244
1,0.000361
2,0.001139
3,0.000555
4,0.001216
5,0.000715
6,0.000991
7,0.000731
8,0.000547
9,0.001036
10,0.000710
1,0.000512
2,0.000735
3,0.001025
4,0.001406
5,0.000470
6,0.000720
7,0.000769
8,0.000740
9,0.000714
10,0.000870
1,0.001229
2,0.000765
3,0.001070
4,0.001121
5,0.000528
6,0.000728
7,0.000777
8,0.000684
9,0.001029
10,0.000257
1,0.001237
2,0.000942
3,0.000768
4,0.000835
5,0.000764
6,0.001628
7,0.000783
8,0.000268
9,0.000528
10,0.000367
1,0.000761
2,0.001259
3,0.001874
4,0.000747
5,0.000816
6,0.000874
7,0.000817
8,0.000305
9,0.000762
10,0.000290
