10,0.000001
100,0.000016
500,0.000344
1000,0.001460
5000,0.040355
10000,0.162334
10,0.000001
100,0.000014
500,0.000345
1000,0.001476
5000,0.040466
10000,0.163061
10,0.000001
100,0.000014
500,0.000351
1000,0.001462
5000,0.040486
10000,0.163068
10,0.000002
100,0.000014
500,0.000352
1000,0.001482
5000,0.040656
10000,0.162974
10,0.000001
100,0.000015
500,0.000346
1000,0.001495
5000,0.040765
10000,0.163218
10,0.000001
100,0.000015
500,0.000344
1000,0.001480
5000,0.040642
10000,0.163230
10,0.000000
100,0.000015
500,0.000344
1000,0.001482
5000,0.040673
10000,0.163239
10,0.000001
100,0.000014
500,0.000349
1000,0.001477
5000,0.040715
10000,0.163286
10,0.000001
100,0.000015
500,0.000353
1000,0.001466
5000,0.040634
10000,0.163271
10,0.000001
100,0.000014
500,0.000343
1000,0.001512
5000,0.040686
10000,0.163340
