100,0.000014
500,0.000345
1000,0.001477
5000,0.042088
10000,0.163230
100,0.000048
500,0.000352
1000,0.001550
5000,0.052637
10000,0.164782
100,0.000015
500,0.000352
1000,0.001492
5000,0.040827
10000,0.164837
100,0.000015
500,0.001052
1000,0.001482
5000,0.040755
10000,0.166829
100,0.000015
500,0.000343
1000,0.001527
5000,0.055658
10000,0.168015
100,0.000015
500,0.000351
1000,0.001463
5000,0.041023
10000,0.166000
100,0.000015
500,0.000583
1000,0.001491
5000,0.040973
10000,0.164507
100,0.000015
500,0.000345
1000,0.001516
5000,0.040853
10000,0.164955
100,0.000015
500,0.000345
1000,0.001467
5000,0.041321
10000,0.168582
100,0.000015
500,0.000352
1000,0.001582
5000,0.041255
10000,0.165053
