1,0.000001
2,0.000001
3,0.000001
4,0.000001
5,0.000000
6,0.000001
7,0.000001
8,0.000001
9,0.000001
10,0.000001
1,0.000000
2,0.000001
3,0.000000
4,0.000001
5,0.000001
6,0.000001
7,0.000001
8,0.000001
9,0.000001
10,0.000001
1,0.000001
2,0.000000
3,0.000001
4,0.000001
5,0.000001
6,0.000001
7,0.000000
8,0.000001
9,0.000001
10,0.000001
1,0.000000
2,0.000001
3,0.000002
4,0.000001
5,0.000001
6,0.000001
7,0.000001
8,0.000001
9,0.000001
10,0.000001
1,0.000001
2,0.000001
3,0.000001
4,0.000000
5,0.000001
6,0.000001
7,0.000002
8,0.000001
9,0.000001
10,0.000001
1,0.000001
2,0.000001
3,0.000001
4,0.000001
5,0.000001
6,0.000001
7,0.000001
8,0.000001
9,0.000001
10,0.000001
1,0.000001
2,0.000001
3,0.000001
4,0.000001
5,0.000001
6,0.000001
7,0.000001
8,0.000001
9,0.000001
10,0.000000
1,0.000001
2,0.000000
3,0.000000
4,0.000001
5,0.000001
6,0.000001
7,0.000001
8,0.000001
9,0.000001
10,0.000001
1,0.000001
2,0.000001
3,0.000001
4,0.000001
5,0.000001
6,0.000001
7,0.000001
8,0.000001
9,0.000001
10,0.000002
1,0.000001
2,0.000000
3,0.000000
4,0.000001
5,0.000001
6,0.000001
7,0.000001
8,0.000001
9,0.000001
10,0.000001
