262144,0.004649
262144,0.004693
262144,0.004764
262144,0.004725
262144,0.004831
262144,0.044468
262144,0.004722
262144,0.004805
262144,0.004827
262144,0.004740
524288,0.007485
524288,0.007731
524288,0.026376
524288,0.007893
524288,0.007310
524288,0.043194
524288,0.007988
524288,0.033010
524288,0.007968
524288,0.007855
1048576,0.011821
1048576,0.011218
1048576,0.011451
1048576,0.012152
1048576,0.013532
1048576,0.012566
1048576,0.011347
1048576,0.011195
1048576,0.013178
1048576,0.011644
2097152,0.019846
2097152,0.020111
2097152,0.020215
2097152,0.020279
2097152,0.019906
2097152,0.020205
2097152,0.020016
2097152,0.019979
2097152,0.020015
2097152,0.019913
4194304,0.036945
4194304,0.037098
4194304,0.036836
4194304,0.038213
4194304,0.037019
4194304,0.045336
4194304,0.038020
4194304,0.037953
4194304,0.037940
4194304,0.037285
8388608,0.074691
8388608,0.073941
8388608,0.073091
8388608,0.075762
8388608,0.081052
8388608,0.088661
8388608,0.076361
8388608,0.073237
8388608,0.072614
8388608,0.074710
16777216,0.144998
16777216,0.144113
16777216,0.147306
16777216,0.143554
16777216,0.144812
16777216,0.147313
16777216,0.146425
16777216,0.146450
16777216,0.146687
16777216,0.165337
33554432,0.289305
33554432,0.289685
33554432,0.284934
33554432,0.284156
33554432,0.283665
33554432,0.286869
33554432,0.280450
33554432,0.280157
33554432,0.284360
33554432,0.283972
67108864,0.561392
67108864,0.552230
67108864,0.543742
67108864,0.552041
67108864,0.565565
67108864,0.559776
67108864,0.560822
67108864,0.558873
67108864,0.542941
67108864,0.550090
90570752,0.759842
90570752,0.738443
90570752,0.758237
90570752,0.753938
90570752,0.739632
90570752,0.751035
90570752,0.742763
90570752,0.757743
90570752,0.756966
90570752,0.737100
387842048,3.119234
387842048,3.193843
387842048,3.118534
387842048,3.140320
387842048,3.157465
387842048,3.110702
387842048,3.118722
387842048,3.113879
387842048,3.145742
387842048,3.114174
465108992,3.774155
465108992,3.768477
465108992,3.758908
465108992,3.763877
465108992,3.823803
465108992,3.749568
465108992,3.796532
465108992,3.752055
465108992,3.807376
465108992,3.795865
1056374784,8.392817
1056374784,8.574031
1056374784,8.516785
1056374784,8.605548
1056374784,8.526959
1056374784,8.568286
1056374784,8.617574
1056374784,8.556239
1056374784,8.620724
1056374784,8.434866
765984768,6.146789
765984768,6.248255
765984768,6.234669
765984768,6.230104
765984768,6.231303
765984768,6.191054
765984768,6.176380
765984768,6.077282
765984768,6.175732
765984768,6.194554
