262144,0.004772
262144,0.006000
262144,0.005768
262144,0.006036
262144,0.005715
262144,0.005999
262144,0.005858
262144,0.006022
262144,0.005990
262144,0.005963
524288,0.007732
524288,0.008116
524288,0.009766
524288,0.009485
524288,0.007849
524288,0.007524
524288,0.007047
524288,0.009102
524288,0.007273
524288,0.007588
1048576,0.012034
1048576,0.012152
1048576,0.011844
1048576,0.011969
1048576,0.012030
1048576,0.012115
1048576,0.012221
1048576,0.027710
1048576,0.012025
1048576,0.012164
2097152,0.019727
2097152,0.019430
2097152,0.053359
2097152,0.019193
2097152,0.019692
2097152,0.020020
2097152,0.019438
2097152,0.020331
2097152,0.020107
2097152,0.020440
4194304,0.057749
4194304,0.083506
4194304,0.059246
4194304,0.058646
4194304,0.059200
4194304,0.057683
4194304,0.058601
4194304,0.055948
4194304,0.113315
4194304,0.057022
8388608,0.168615
8388608,0.197504
8388608,0.156716
8388608,0.181032
8388608,0.192325
8388608,0.156378
8388608,0.193595
8388608,0.160845
8388608,0.156677
8388608,0.209205
16777216,0.413652
16777216,0.392169
16777216,0.391153
16777216,0.396177
16777216,0.396068
16777216,0.366598
16777216,0.397199
16777216,0.381682
16777216,0.396267
16777216,0.378408
33554432,0.806131
33554432,0.767098
33554432,0.803497
33554432,0.757074
33554432,0.775805
33554432,0.819735
33554432,0.757128
33554432,0.778254
33554432,0.769223
33554432,0.788563
67108864,1.599801
67108864,1.654153
67108864,1.600994
67108864,1.607925
67108864,1.604003
67108864,1.673034
67108864,1.616658
67108864,1.598074
67108864,1.598019
67108864,1.596309
90570752,2.383173
90570752,2.271108
90570752,2.368000
90570752,2.229054
90570752,2.214930
90570752,2.279306
90570752,2.364249
90570752,2.251639
90570752,2.210286
90570752,2.397057
387842048,10.568137
387842048,10.503624
387842048,10.518436
387842048,10.450527
387842048,10.525719
387842048,10.550549
387842048,10.497186
387842048,10.496609
387842048,10.545621
387842048,10.532527
465108992,13.305015
465108992,13.398311
465108992,13.430258
465108992,13.367003
465108992,24.412243
465108992,13.481522
465108992,12.956706
465108992,13.033573
465108992,7.246992
465108992,13.176562
1056374784,30.800985
1056374784,30.014723
1056374784,30.129100
1056374784,30.106737
1056374784,30.679646
1056374784,24.907106
1056374784,30.248207
1056374784,30.461183
1056374784,30.410406
1056374784,30.479554
765984768,23.301025
765984768,23.067959
765984768,23.231072
765984768,23.317639
765984768,22.972975
765984768,23.067235
765984768,23.051070
765984768,23.118381
765984768,23.235480
765984768,22.967343
