262144,0.003911
262144,0.003178
262144,0.003320
262144,0.003184
262144,0.003213
262144,0.003142
262144,0.003194
262144,0.003208
262144,0.027051
262144,0.003117
524288,0.003525
524288,0.003585
524288,0.003566
524288,0.003509
524288,0.003529
524288,0.003490
524288,0.003518
524288,0.003426
524288,0.003527
524288,0.003384
1048576,0.004061
1048576,0.004090
1048576,0.004249
1048576,0.004237
1048576,0.003961
1048576,0.004094
1048576,0.004028
1048576,0.004065
1048576,0.004369
1048576,0.004144
2097152,0.006495
2097152,0.006096
2097152,0.006483
2097152,0.006831
2097152,0.006291
2097152,0.006557
2097152,0.033424
2097152,0.006207
2097152,0.006798
2097152,0.006317
4194304,0.021551
4194304,0.021441
4194304,0.020786
4194304,0.020441
4194304,0.031801
4194304,0.019980
4194304,0.021474
4194304,0.020980
4194304,0.020752
4194304,0.026901
8388608,0.071157
8388608,0.073497
8388608,0.108542
8388608,0.073884
8388608,0.071296
8388608,0.072799
8388608,0.092894
8388608,0.071233
8388608,0.073491
8388608,0.073805
16777216,0.172888
16777216,0.194187
16777216,0.175330
16777216,0.174064
16777216,0.167669
16777216,0.190169
16777216,0.174156
16777216,0.192213
16777216,0.173560
16777216,0.186468
33554432,0.361798
33554432,0.393578
33554432,0.352886
33554432,0.377525
33554432,0.375499
33554432,0.341141
33554432,0.352294
33554432,0.352955
33554432,0.344670
33554432,0.341068
67108864,0.731796
67108864,0.706647
67108864,0.709715
67108864,0.704794
67108864,0.709164
67108864,0.718840
67108864,0.706635
67108864,0.714664
67108864,0.720731
67108864,0.728729
90570752,1.001543
90570752,0.938758
90570752,0.976857
90570752,0.956810
90570752,0.956611
90570752,0.961792
90570752,0.938667
90570752,0.941814
90570752,0.935645
90570752,0.938914
387842048,4.114814
387842048,4.025043
387842048,4.064646
387842048,4.041440
387842048,4.062616
387842048,4.065561
387842048,4.025278
387842048,4.015751
387842048,4.093256
387842048,4.234465
465108992,4.810784
465108992,4.799272
465108992,4.818012
465108992,4.822290
465108992,4.885448
465108992,5.015984
465108992,4.801581
465108992,4.918116
465108992,4.860538
465108992,5.126337
1056374784,10.942942
1056374784,10.881081
1056374784,10.800727
1056374784,10.683639
1056374784,11.017067
1056374784,10.678955
1056374784,10.806754
1056374784,6.428469
1056374784,10.768583
1056374784,10.728421
765984768,8.059352
765984768,8.057261
765984768,8.110912
765984768,8.097237
765984768,8.015468
765984768,8.050893
765984768,8.018691
765984768,8.030397
765984768,8.134160
765984768,8.080857
