262144,0.000429
262144,0.000430
262144,0.000432
262144,0.000430
262144,0.000426
262144,0.000437
262144,0.000431
262144,0.000429
262144,0.000432
262144,0.000426
524288,0.000895
524288,0.000904
524288,0.000899
524288,0.000906
524288,0.000885
524288,0.000915
524288,0.000903
524288,0.000903
524288,0.000914
524288,0.000902
1048576,0.001958
1048576,0.001954
1048576,0.001923
1048576,0.001966
1048576,0.001964
1048576,0.001949
1048576,0.001916
1048576,0.001952
1048576,0.001971
1048576,0.001962
2097152,0.004061
2097152,0.004078
2097152,0.004059
2097152,0.003958
2097152,0.004044
2097152,0.004079
2097152,0.004059
2097152,0.003921
2097152,0.004042
2097152,0.004073
4194304,0.007910
4194304,0.008144
4194304,0.008274
4194304,0.008173
4194304,0.007866
4194304,0.008098
4194304,0.008241
4194304,0.008146
4194304,0.007819
4194304,0.008088
8388608,0.016339
8388608,0.015929
8388608,0.016212
8388608,0.016575
8388608,0.016302
8388608,0.015664
8388608,0.016169
8388608,0.016540
8388608,0.016309
8388608,0.015642
16777216,0.033189
16777216,0.032731
16777216,0.031401
16777216,0.032414
16777216,0.033120
16777216,0.032708
16777216,0.031817
16777216,0.032431
16777216,0.033128
16777216,0.032324
33554432,0.064697
33554432,0.066331
33554432,0.064855
33554432,0.062945
33554432,0.064641
33554432,0.066340
33554432,0.064828
33554432,0.062564
33554432,0.064725
33554432,0.066406
67108864,0.126149
67108864,0.170908
67108864,0.129348
67108864,0.129914
67108864,0.129258
67108864,0.132779
67108864,0.129380
67108864,0.128986
67108864,0.129168
67108864,0.129507
90570752,0.174665
90570752,0.179084
90570752,0.174508
90570752,0.176174
90570752,0.174531
90570752,0.179048
90570752,0.174542
90570752,0.173815
90570752,0.174503
90570752,0.179330
387842048,0.747481
387842048,0.746913
387842048,0.751319
387842048,0.738270
387842048,0.748570
387842048,0.752241
387842048,0.752345
387842048,0.745105
387842048,0.907645
387842048,0.727142
465108992,0.900999
465108992,0.895554
465108992,0.894429
465108992,0.906928
465108992,0.908607
465108992,0.909223
465108992,0.904049
465108992,0.898306
465108992,0.894731
465108992,0.902688
1056374784,2.033342
1056374784,2.031080
1056374784,2.034422
1056374784,2.032362
1056374784,2.030703
1056374784,1.995869
1056374784,1.977220
1056374784,2.045951
1056374784,2.031977
1056374784,2.032098
765984768,1.426673
765984768,1.487487
765984768,1.485803
765984768,1.473804
765984768,1.472877
765984768,1.469082
765984768,1.420061
765984768,1.487756
765984768,1.470281
765984768,1.470317
