2,0.000091
2,0.001421
2,0.001238
2,0.000737
2,0.000783
2,0.000755
2,0.000695
2,0.000117
2,0.000829
2,0.000111
4,0.001300
4,0.000106
4,0.001424
4,0.000626
4,0.000789
4,0.000765
4,0.002453
4,0.000115
4,0.000121
4,0.000776
8,0.000138
8,0.000104
8,0.000726
8,0.000112
8,0.000096
8,0.000102
8,0.000126
8,0.001581
8,0.000921
8,0.000929
16,0.003825
16,0.000798
16,0.000092
16,0.000111
16,0.000106
16,0.000745
16,0.000123
16,0.000870
16,0.000103
16,0.000139
32,0.001177
32,0.000668
32,0.000746
32,0.001539
32,0.000761
32,0.000772
32,0.000701
32,0.000088
32,0.000635
32,0.000089
64,0.001241
64,0.000748
64,0.000546
64,0.000128
64,0.000110
64,0.000815
64,0.000097
64,0.000998
64,0.000888
64,0.000102
128,0.000124
128,0.001042
128,0.000698
128,0.000112
128,0.000118
128,0.000808
128,0.000132
128,0.000108
128,0.000132
128,0.000115
256,0.000800
256,0.000732
256,0.000652
256,0.000138
256,0.000119
256,0.001115
256,0.000754
256,0.001707
256,0.001006
256,0.000730
512,0.000770
512,0.001651
512,0.001264
512,0.000645
512,0.000917
512,0.000874
512,0.001079
512,0.001689
512,0.000704
512,0.000749
1024,0.000972
1024,0.000791
1024,0.001402
1024,0.001854
1024,0.001033
1024,0.000863
1024,0.000807
1024,0.000995
1024,0.000792
1024,0.000721
2048,0.003654
2048,0.000746
2048,0.004063
2048,0.000892
2048,0.001157
2048,0.000782
2048,0.000678
2048,0.001584
2048,0.000721
2048,0.000874
4096,0.011777
4096,0.000770
4096,0.001225
4096,0.001156
4096,0.006048
4096,0.000742
4096,0.000905
4096,0.000856
4096,0.003922
4096,0.001386
8192,0.002172
8192,0.011238
8192,0.001295
8192,0.015305
8192,0.000855
8192,0.003141
8192,0.013237
8192,0.013979
8192,0.012828
8192,0.017084
16384,0.030130
16384,0.030685
16384,0.016432
16384,0.017363
16384,0.018961
16384,0.048150
16384,0.015619
16384,0.012797
16384,0.014610
16384,0.021842
32768,0.021540
32768,0.024157
32768,0.030231
32768,0.020657
32768,0.032738
32768,0.025917
32768,0.024717
32768,0.026566
32768,0.022870
32768,0.030638
65536,0.031187
65536,0.034762
65536,0.024741
65536,0.031754
65536,0.041406
65536,0.030665
65536,0.034439
65536,0.028252
65536,0.033274
65536,0.032217
131072,0.038773
131072,0.037482
131072,0.045652
131072,0.048643
131072,0.047608
131072,0.037004
131072,0.043406
131072,0.038803
131072,0.040906
131072,0.042000
262144,0.049349
262144,0.060606
262144,0.049433
262144,0.052136
262144,0.053599
262144,0.054703
262144,0.055147
262144,0.056683
262144,0.062312
262144,0.047503
524288,0.059499
524288,0.065692
524288,0.064266
524288,0.059474
524288,0.059704
524288,0.070317
524288,0.053521
524288,0.054895
524288,0.060662
524288,0.048949
1048576,0.051903
1048576,0.052809
1048576,0.050440
1048576,0.068601
1048576,0.066438
1048576,0.072341
1048576,0.052686
1048576,0.059779
1048576,0.063368
1048576,0.055787
2097152,0.067235
2097152,0.063368
2097152,0.101060
2097152,0.063680
2097152,0.056840
2097152,0.075431
2097152,0.060111
2097152,0.082979
2097152,0.071580
2097152,0.063461
4194304,0.102053
4194304,0.092851
4194304,0.086710
4194304,0.094229
4194304,0.074104
4194304,0.083368
4194304,0.078774
4194304,0.094401
4194304,0.077998
4194304,0.095183
8388608,0.111816
8388608,0.132978
8388608,0.267345
8388608,0.118094
8388608,0.134108
8388608,0.110585
8388608,0.121739
8388608,0.120690
8388608,0.114579
8388608,0.119361
16777216,0.207137
16777216,0.211341
16777216,0.216164
16777216,0.205620
16777216,0.199587
16777216,0.202996
16777216,0.217650
16777216,0.208365
16777216,0.209281
16777216,0.199623
33554432,0.395772
33554432,0.343642
33554432,0.401365
33554432,0.420755
33554432,0.394381
33554432,0.397149
33554432,0.407973
33554432,0.411661
33554432,0.416933
33554432,0.389660
67108864,0.766884
67108864,0.780159
67108864,0.782941
67108864,0.779264
67108864,0.768957
67108864,0.775368
67108864,0.793421
67108864,0.771284
67108864,0.779198
67108864,0.759723
181141504,1.610950
181141504,2.117750
181141504,2.153790
181141504,2.164803
181141504,2.164687
181141504,2.194872
181141504,2.098138
181141504,2.203857
181141504,2.165754
181141504,2.193639
775684096,7.215087
775684096,9.399728
775684096,9.468677
775684096,9.401883
775684096,9.448655
775684096,9.403370
775684096,9.375108
775684096,9.428851
775684096,9.445797
775684096,9.332955
930217984,11.212876
930217984,11.251008
930217984,11.278888
930217984,11.315877
930217984,8.175941
930217984,11.277581
930217984,11.223678
930217984,11.211136
930217984,11.335579
930217984,11.332082
2112749568,25.323863
2112749568,16.755489
2112749568,21.098989
2112749568,15.571501
2112749568,14.811908
2112749568,20.450405
2112749568,25.420430
2112749568,21.395367
2112749568,25.150516
2112749568,25.312696
1531969536,18.321131
1531969536,18.335928
1531969536,18.261662
1531969536,16.281658
1531969536,15.647501
1531969536,18.580976
1531969536,18.391482
1531969536,13.194571
1531969536,18.468122
1531969536,18.577966
