1,13.396222
1,13.273476
1,14.615899
1,13.277911
1,13.843677
1,13.400825
2,8.271776
2,7.191754
2,8.401115
2,8.155923
2,9.614323
2,9.246800
3,7.165091
3,7.613883
3,7.615592
3,8.674060
3,6.475005
3,7.874746
6,5.707732
6,5.365719
6,4.761716
6,6.544066
6,6.130115
6,5.489990
9,4.647417
9,4.622864
9,4.870629
9,4.765576
1,4.602273
9,4.641561
12,5.153997
12,2.861867
12,4.545738
12,4.459436
12,4.457832
12,3.799086
15,6.545348
15,6.686997
15,9.314349
15,9.434205
1,7.600511
15,4.724723
18,7.309809
18,8.654949
18,7.016500
18,5.580066
18,8.807294
18,8.314571
21,9.104969
21,4.527267
21,3.872936
21,3.996399
21,2.406568
21,4.540724
24,3.200187
24,3.083822
24,4.604086
24,4.650964
24,4.066186
24,4.126325
27,3.051876
27,4.202827
27,4.324028
27,4.589312
27,4.627690
27,3.381592
30,4.307596
30,4.819061
30,4.567350
30,6.415163
30,5.243011
30,4.533078
1,6.434191
33,7.720240
33,8.650303
33,5.015735
33,6.296343
33,2.747399
36,3.937570
36,4.391894
36,2.262445
36,4.452498
36,3.870607
36,4.111968
39,4.388182
39,4.544639
39,2.964852
39,2.983305
39,4.458112
39,4.160089
42,4.619918
42,3.866622
42,3.605947
42,3.748339
42,4.463550
42,4.435250
45,3.010566
45,2.168461
45,4.129215
45,4.355260
45,2.962536
45,2.202652
48,3.215733
48,4.092796
48,4.735928
48,2.229106
48,3.159191
48,3.041047
64,5.368206
1,3.875232
64,4.391280
64,4.002897
64,4.456603
64,4.423715
