2,0.000812
2,0.001405
2,0.002958
2,0.001932
2,0.000108
2,0.000748
2,0.000128
2,0.001331
2,0.000689
2,0.000108
4,0.000897
4,0.004535
4,0.000104
4,0.000134
4,0.000106
4,0.001062
4,0.000125
4,0.001349
4,0.000721
4,0.001583
8,0.000808
8,0.002643
8,0.001621
8,0.000757
8,0.000130
8,0.000654
8,0.000098
8,0.001973
8,0.000579
8,0.000744
16,0.000148
16,0.000970
16,0.002227
16,0.000976
16,0.000103
16,0.001159
16,0.001417
16,0.000742
16,0.000833
16,0.002761
32,0.002053
32,0.000119
32,0.001203
32,0.000113
32,0.001775
32,0.000098
32,0.000957
32,0.001113
32,0.000682
32,0.000699
64,0.001448
64,0.000633
64,0.000783
64,0.000112
64,0.000120
64,0.003003
64,0.000760
64,0.000098
64,0.000667
64,0.000116
128,0.000817
128,0.000724
128,0.001409
128,0.001534
128,0.000765
128,0.000161
128,0.000816
128,0.000107
128,0.000782
128,0.000663
256,0.001515
256,0.000733
256,0.000781
256,0.000723
256,0.000776
256,0.001173
256,0.009277
256,0.000815
256,0.000711
256,0.000771
512,0.001215
512,0.000822
512,0.000926
512,0.000630
512,0.000923
512,0.000700
512,0.001417
512,0.000619
512,0.000769
512,0.000736
1024,0.001152
1024,0.002074
1024,0.001408
1024,0.001458
1024,0.001281
1024,0.001443
1024,0.002235
1024,0.002503
1024,0.000995
1024,0.001032
2048,0.001123
2048,0.001432
2048,0.001891
2048,0.002319
2048,0.001609
2048,0.002267
2048,0.001609
2048,0.013351
2048,0.002861
2048,0.005370
4096,0.003452
4096,0.001665
4096,0.003222
4096,0.023035
4096,0.002577
4096,0.001393
4096,0.001330
4096,0.002655
4096,0.002563
4096,0.005016
8192,0.002979
8192,0.002877
8192,0.001960
8192,0.003870
8192,0.002852
8192,0.015042
8192,0.002399
8192,0.002887
8192,0.003113
8192,0.003086
16384,0.003419
16384,0.004114
16384,0.004987
16384,0.023268
16384,0.006162
16384,0.003835
16384,0.003096
16384,0.003715
16384,0.003985
16384,0.004691
32768,0.004005
32768,0.004332
32768,0.014026
32768,0.020903
32768,0.005329
32768,0.004873
32768,0.012369
32768,0.003326
32768,0.002488
32768,0.002848
65536,0.006820
65536,0.007039
65536,0.005207
65536,0.014343
65536,0.025136
65536,0.006017
65536,0.010491
65536,0.008922
65536,0.010366
65536,0.004067
131072,0.007559
131072,0.006470
131072,0.006464
131072,0.008290
131072,0.009148
131072,0.015296
131072,0.011499
131072,0.006980
131072,0.007031
131072,0.008927
262144,0.025472
262144,0.020398
262144,0.007486
262144,0.011680
262144,0.007789
262144,0.025434
262144,0.018742
262144,0.007635
262144,0.023422
262144,0.017413
524288,0.015958
524288,0.013059
524288,0.011555
524288,0.015965
524288,0.023127
524288,0.038285
524288,0.011951
524288,0.009268
524288,0.013868
524288,0.021307
1048576,0.027844
1048576,0.025036
1048576,0.015608
1048576,0.026085
1048576,0.016184
1048576,0.019484
1048576,0.021913
1048576,0.020242
1048576,0.017782
1048576,0.015159
2097152,0.033754
2097152,0.041859
2097152,0.041812
2097152,0.042727
2097152,0.031641
2097152,0.046955
2097152,0.045988
2097152,0.051368
2097152,0.043268
2097152,0.040487
4194304,0.098371
4194304,0.078155
4194304,0.047571
4194304,0.080425
4194304,0.056519
4194304,0.081410
4194304,0.079080
4194304,0.077300
4194304,0.077397
4194304,0.087535
8388608,0.119409
8388608,0.149447
8388608,0.094373
8388608,0.142875
8388608,0.158651
8388608,0.132803
8388608,0.139696
8388608,0.160332
8388608,0.144473
8388608,0.157404
16777216,0.329746
16777216,0.266236
16777216,0.294704
16777216,0.303915
16777216,0.304444
16777216,0.302399
16777216,0.173205
16777216,0.162293
16777216,0.201553
16777216,0.433413
33554432,0.525050
33554432,0.318902
33554432,0.872088
33554432,0.418273
33554432,0.550405
33554432,0.691113
33554432,0.573490
33554432,0.569163
33554432,0.730850
33554432,0.447758
67108864,1.109127
67108864,1.147607
67108864,1.100481
67108864,0.676163
67108864,1.244581
67108864,0.802090
67108864,0.593305
67108864,1.058514
67108864,1.585614
67108864,0.966459
181141504,4.667479
181141504,4.160435
181141504,4.283387
181141504,5.064345
181141504,4.211901
181141504,4.242119
181141504,4.337730
181141504,6.399635
181141504,4.968468
181141504,4.362890
775684096,17.823979
775684096,17.793236
775684096,16.728559
775684096,17.064724
775684096,13.597100
775684096,19.792023
775684096,17.838586
775684096,16.643545
775684096,14.099180
775684096,28.156196
930217984,19.541348
930217984,18.418691
930217984,16.999236
930217984,13.546483
930217984,15.610104
930217984,16.028592
930217984,17.856925
930217984,9.945152
930217984,17.593159
930217984,17.784699
2112749568,43.160158
2112749568,35.185885
2112749568,47.940159
2112749568,48.541277
2112749568,64.242314
2112749568,23.515664
2112749568,65.204421
2112749568,42.019801
2112749568,23.481556
2112749568,41.827468
1531969536,35.033264
1531969536,26.846698
1531969536,32.533090
1531969536,31.508761
1531969536,35.891279
1531969536,65.223667
1531969536,32.777109
1531969536,28.302262
1531969536,27.986983
1531969536,34.648791
