1,2.366052
2,1.533926
3,1.116145
4,0.946981
5,0.789507
6,0.822567
7,0.795142
8,0.791837
9,0.722404
10,0.645646
11,0.568520
12,0.681614
13,0.645490
14,0.603653
15,0.634636
16,0.623414
17,0.642466
18,0.530481
19,0.548303
20,0.650480
21,0.638146
22,0.618821
23,0.589015
24,0.599920
25,0.592792
26,0.507057
27,0.507650
28,0.525393
29,0.567861
30,0.610413
31,0.547062
32,0.716564
33,0.589620
34,0.528783
35,0.468913
36,0.513340
37,0.573515
38,0.541472
39,0.605392
40,0.650683
41,0.604098
42,0.545972
43,0.575102
44,0.585584
45,0.597698
46,0.601680
47,0.587730
48,0.666095
