1,2.365922
2,1.723902
3,1.273051
4,1.145888
5,0.936317
6,1.068860
7,0.772937
8,0.937088
9,0.646179
10,0.718092
11,0.749069
12,0.675384
13,0.669111
14,0.603158
15,0.655862
16,0.665036
17,0.617774
18,0.576358
19,0.619833
20,0.667130
21,0.621857
22,0.618039
23,0.606514
24,0.712632
25,0.543314
26,0.518184
27,0.548770
28,0.620105
29,0.605728
30,0.674539
31,0.612874
32,0.672986
33,0.569566
34,0.520158
35,0.514472
36,0.539764
37,0.525685
38,0.518538
39,0.556930
40,0.673289
41,0.587935
42,0.554354
43,0.595548
44,0.654353
45,0.668835
46,0.609169
47,0.620332
48,0.653345
