1,2.377983
2,1.757196
3,1.286212
4,1.173470
5,0.947117
6,0.824260
7,0.781343
8,1.009504
9,0.697797
10,0.679388
11,0.664235
12,0.688565
13,0.634491
14,0.549342
15,0.633091
16,0.694364
17,0.662399
18,0.563101
19,0.655966
20,0.700411
21,0.644046
22,0.541574
23,0.588727
24,0.618205
25,0.583848
26,0.579366
27,0.539559
28,0.565613
29,0.547331
30,0.529707
31,0.629390
32,0.749916
33,0.622405
34,0.533551
35,0.498354
36,0.522740
37,0.542543
38,0.583270
39,0.601461
40,0.606766
41,0.547842
42,0.530893
43,0.589467
44,0.674401
45,0.617256
46,0.594182
47,0.626214
48,0.675430
