1,2.366934
2,1.524848
3,1.118599
4,0.957808
5,0.788739
6,0.897575
7,0.779646
8,0.822411
9,0.671698
10,0.612733
11,0.626720
12,0.705371
13,0.637248
14,0.592214
15,0.548614
16,0.660462
17,0.595540
18,0.588974
19,0.610581
20,0.550043
21,0.590260
22,0.512881
23,0.599858
24,0.647141
25,0.563861
26,0.511694
27,0.582499
28,0.524242
29,0.622251
30,0.557658
31,0.564966
32,0.668244
33,0.560560
34,0.511676
35,0.520576
36,0.532896
37,0.477002
38,0.547783
39,0.590166
40,0.653637
41,0.552008
42,0.526225
43,0.571668
44,0.618595
45,0.593675
46,0.604887
47,0.588411
48,0.636595
