1,2.385509
2,1.489061
3,1.091302
4,0.948508
5,0.793237
6,0.908998
7,0.778851
8,0.910395
9,0.825518
10,0.822606
11,0.757353
12,0.705781
13,0.598981
14,0.623112
15,0.641570
16,0.622041
17,0.610115
18,0.586355
19,0.534989
20,0.536674
21,0.574814
22,0.579639
23,0.516557
24,0.707242
25,0.535374
26,0.518605
27,0.534368
28,0.543941
29,0.567870
30,0.568336
31,0.717095
32,0.736724
33,0.565028
34,0.559667
35,0.455358
36,0.552295
37,0.530701
38,0.551529
39,0.559062
40,0.590946
41,0.555963
42,0.525890
43,0.580655
44,0.619331
45,0.632227
46,0.584512
47,0.619339
48,0.650341
