1,2.365104
2,1.514317
3,1.106424
4,0.949692
5,0.789232
6,0.825364
7,0.816237
8,0.832270
9,0.791735
10,0.766031
11,0.712128
12,0.648994
13,0.599772
14,0.622476
15,0.595292
16,0.753467
17,0.592020
18,0.616451
19,0.497315
20,0.599984
21,0.585716
22,0.553690
23,0.578746
24,0.692009
25,0.544233
26,0.515252
27,0.505512
28,0.519627
29,0.501382
30,0.543112
31,0.511172
32,0.707830
33,0.555718
34,0.493705
35,0.467490
36,0.535642
37,0.496496
38,0.513529
39,0.594223
40,0.678199
41,0.576911
42,0.543988
43,0.609410
44,0.592641
45,0.625556
46,0.630956
47,0.649096
48,0.613439
