1,2.369993
2,1.539652
3,1.176669
4,0.983033
5,0.845346
6,0.883912
7,0.833737
8,0.803258
9,0.908793
10,0.793830
11,0.684385
12,0.694005
13,0.648917
14,0.525688
15,0.572155
16,0.679008
17,0.633243
18,0.611156
19,0.473374
20,0.571877
21,0.515574
22,0.545776
23,0.550261
24,0.700918
25,0.569085
26,0.508281
27,0.585472
28,0.469949
29,0.510648
30,0.507616
31,0.572467
32,0.702938
33,0.653198
34,0.580663
35,0.524593
36,0.508606
37,0.557937
38,0.565925
39,0.530602
40,0.666751
41,0.600630
42,0.562744
43,0.611437
44,0.574666
45,0.547808
46,0.538262
47,0.561523
48,0.652120
