1,2.378148
2,1.718837
3,1.266302
4,1.100305
5,0.885335
6,1.034019
7,0.788473
8,0.911714
9,0.667017
10,0.620428
11,0.685865
12,0.689339
13,0.697129
14,0.603588
15,0.609333
16,0.644579
17,0.619480
18,0.626606
19,0.540286
20,0.546345
21,0.656584
22,0.608141
23,0.567260
24,0.631330
25,0.533542
26,0.532594
27,0.507204
28,0.493380
29,0.539554
30,0.505821
31,0.535159
32,0.687726
33,0.530705
34,0.523808
35,0.521498
36,0.559904
37,0.500631
38,0.533681
39,0.568683
40,0.704528
41,0.539438
42,0.512047
43,0.606882
44,0.612856
45,0.563955
46,0.540697
47,0.655049
48,0.676454
