1,2.377989
2,1.704678
3,1.258448
4,1.145987
5,0.932012
6,0.915496
7,0.770341
8,0.961435
9,0.633697
10,0.726570
11,0.657134
12,0.658177
13,0.740323
14,0.633180
15,0.572137
16,0.687152
17,0.601754
18,0.561625
19,0.594888
20,0.626081
21,0.682728
22,0.653826
23,0.601764
24,0.737061
25,0.635975
26,0.558201
27,0.621422
28,0.563424
29,0.579543
30,0.592199
31,0.583391
32,0.683443
33,0.551946
34,0.554084
35,0.545181
36,0.574094
37,0.562307
38,0.610639
39,0.624018
40,0.716160
41,0.617759
42,0.578301
43,0.568267
44,0.727556
45,0.678492
46,0.608703
47,0.700510
48,0.680220
