1,2.367971
2,1.473148
3,1.103360
4,0.936742
5,0.785289
6,0.998396
7,0.835338
8,0.759545
9,0.755621
10,0.790543
11,0.686043
12,0.655110
13,0.590964
14,0.631093
15,0.616541
16,0.691640
17,0.610917
18,0.647296
19,0.552423
20,0.648554
21,0.557289
22,0.552111
23,0.605457
24,0.646767
25,0.542173
26,0.546029
27,0.535443
28,0.565996
29,0.519095
30,0.538615
31,0.538981
32,0.624349
33,0.488363
34,0.513506
35,0.471933
36,0.520353
37,0.502046
38,0.510886
39,0.600988
40,0.687878
41,0.549960
42,0.468819
43,0.568449
44,0.640121
45,0.557427
46,0.610318
47,0.639002
48,0.630044
