1,2.390444
2,1.492142
3,1.135521
4,1.021767
5,0.814191
6,0.873640
7,0.855272
8,0.820705
9,0.685746
10,0.641141
11,0.607991
12,0.729947
13,0.595480
14,0.559849
15,0.590759
16,0.636790
17,0.613001
18,0.644597
19,0.578531
20,0.628522
21,0.587046
22,0.566430
23,0.559251
24,0.609316
25,0.555803
26,0.537683
27,0.526272
28,0.520165
29,0.520969
30,0.539420
31,0.556224
32,0.712741
33,0.549480
34,0.568189
35,0.525130
36,0.628199
37,0.607572
38,0.539408
39,0.576468
40,0.657978
41,0.562703
42,0.514189
43,0.646685
44,0.605629
45,0.602639
46,0.613467
47,0.555798
48,0.637741
