1,2.366944
2,1.495504
3,1.093131
4,0.927076
5,0.772615
6,0.871700
7,0.712883
8,0.750897
9,0.743320
10,0.685024
11,0.588038
12,0.701909
13,0.623654
14,0.625135
15,0.687102
16,0.654270
17,0.580313
18,0.563252
19,0.550697
20,0.615613
21,0.519064
22,0.506903
23,0.566309
24,0.598425
25,0.518686
26,0.496715
27,0.511356
28,0.551130
29,0.534669
30,0.533022
31,0.594165
32,0.712907
33,0.585305
34,0.547082
35,0.492620
36,0.510631
37,0.528464
38,0.522512
39,0.542031
40,0.620058
41,0.535278
42,0.516500
43,0.577873
44,0.603744
45,0.560519
46,0.572349
47,0.595181
48,0.632564
