1,2.375249
2,1.531076
3,1.190428
4,0.951372
5,0.838539
6,0.808191
7,0.908848
8,0.804735
9,0.746507
10,0.643472
11,0.581913
12,0.676799
13,0.607758
14,0.553034
15,0.556405
16,0.626186
17,0.595459
18,0.690787
19,0.719134
20,0.614992
21,0.635418
22,0.619489
23,0.668605
24,0.649434
25,0.634613
26,0.576108
27,0.501478
28,0.565875
29,0.519250
30,0.593942
31,0.601599
32,0.689042
33,0.573977
34,0.511203
35,0.472385
36,0.561305
37,0.512096
38,0.520878
39,0.554583
40,0.631938
41,0.586379
42,0.549630
43,0.586134
44,0.585572
45,0.575363
46,0.593992
47,0.563652
48,0.611047
