1,2.431488
2,1.221344
3,0.819883
4,0.621814
5,0.497483
6,0.418262
7,0.356726
8,0.312468
9,0.278176
10,0.251255
11,0.233303
12,0.213963
13,0.195852
14,0.183578
15,0.171283
16,0.159941
17,0.154534
18,0.149049
19,0.147170
20,0.146475
21,0.177640
22,0.182889
23,0.191494
24,0.193767
25,0.194817
26,0.194194
27,0.200497
28,0.204571
29,0.201727
30,0.188010
31,0.200995
32,0.192792
33,0.184095
34,0.190900
35,0.205189
36,0.201306
37,0.210578
38,0.204996
39,0.207763
40,0.200480
41,0.194923
42,0.193636
43,0.203583
44,0.199584
45,0.200686
46,0.200375
47,0.190466
48,0.215773
