1,2.414943
2,1.220528
3,0.820031
4,0.622077
5,0.498922
6,0.417735
7,0.356250
8,0.312434
9,0.277927
10,0.250912
11,0.232951
12,0.214422
13,0.195705
14,0.183556
15,0.170858
16,0.159579
17,0.153762
18,0.148901
19,0.148627
20,0.152040
21,0.179092
22,0.182762
23,0.200007
24,0.205959
25,0.195928
26,0.204876
27,0.204303
28,0.202116
29,0.197664
30,0.189624
31,0.197534
32,0.195772
33,0.191188
34,0.196710
35,0.207690
36,0.190131
37,0.182493
38,0.195093
39,0.206817
40,0.204200
41,0.195231
42,0.192269
43,0.181917
44,0.185430
45,0.204686
46,0.206248
47,0.193248
48,0.180496
