1,2.405107
2,1.240545
3,0.825470
4,0.622675
5,0.498619
6,0.417991
7,0.357117
8,0.313341
9,0.278531
10,0.251949
11,0.232687
12,0.214434
13,0.196035
14,0.183708
15,0.171435
16,0.159602
17,0.155286
18,0.151436
19,0.156729
20,0.167332
21,0.178440
22,0.190379
23,0.190236
24,0.209131
25,0.216910
26,0.210525
27,0.203384
28,0.187170
29,0.196601
30,0.212319
31,0.195924
32,0.191332
33,0.199353
34,0.193274
35,0.202268
36,0.205064
37,0.197978
38,0.211242
39,0.203852
40,0.214656
41,0.218854
42,0.201101
43,0.195602
44,0.205254
45,0.201185
46,0.206773
47,0.212132
48,0.206953
