1,2.410911
2,1.230735
3,0.827088
4,0.626213
5,0.500938
6,0.420853
7,0.360670
8,0.316132
9,0.284520
10,0.253772
11,0.234771
12,0.215704
13,0.197177
14,0.186991
15,0.172545
16,0.160643
17,0.154570
18,0.147979
19,0.143282
20,0.143660
21,0.160271
22,0.177988
23,0.180413
24,0.185490
25,0.192459
26,0.192444
27,0.203315
28,0.193971
29,0.200052
30,0.201082
31,0.190431
32,0.194448
33,0.200725
34,0.180397
35,0.197047
36,0.180361
37,0.208088
38,0.193115
39,0.199837
40,0.184253
41,0.200488
42,0.198582
43,0.195014
44,0.207782
45,0.228705
46,0.200688
47,0.211840
48,0.213621
