1,2.410883
2,1.221311
3,0.820308
4,0.623151
5,0.499965
6,0.417942
7,0.356230
8,0.312624
9,0.278005
10,0.251127
11,0.232982
12,0.214082
13,0.195744
14,0.183164
15,0.171225
16,0.159315
17,0.154041
18,0.146457
19,0.153380
20,0.161256
21,0.168704
22,0.183780
23,0.181703
24,0.179279
25,0.193214
26,0.192200
27,0.196361
28,0.190575
29,0.207032
30,0.196534
31,0.187027
32,0.177135
33,0.188723
34,0.203038
35,0.198561
36,0.182905
37,0.206118
38,0.205844
39,0.189623
40,0.184057
41,0.212550
42,0.178657
43,0.186262
44,0.192555
45,0.194406
46,0.192117
47,0.192838
48,0.196223
