1,2.422481
2,1.244913
3,0.838144
4,0.634276
5,0.506479
6,0.426194
7,0.365487
8,0.319971
9,0.283364
10,0.254981
11,0.236034
12,0.219020
13,0.199566
14,0.187780
15,0.174068
16,0.162808
17,0.156608
18,0.150159
19,0.145061
20,0.162233
21,0.175865
22,0.186548
23,0.176714
24,0.185934
25,0.193831
26,0.214269
27,0.197903
28,0.200172
29,0.190722
30,0.195440
31,0.193884
32,0.194719
33,0.175612
34,0.197096
35,0.185922
36,0.197930
37,0.210150
38,0.215326
39,0.197496
40,0.175456
41,0.181044
42,0.205969
43,0.196742
44,0.212234
45,0.185009
46,0.215318
47,0.193133
48,0.226122
