1,2.422465
2,1.243223
3,0.835337
4,0.631753
5,0.505936
6,0.424764
7,0.363684
8,0.319705
9,0.283291
10,0.254740
11,0.237182
12,0.218720
13,0.199433
14,0.186825
15,0.175110
16,0.163479
17,0.156308
18,0.153368
19,0.145712
20,0.156879
21,0.180799
22,0.172367
23,0.186802
24,0.196991
25,0.197904
26,0.190251
27,0.193737
28,0.211145
29,0.195984
30,0.202575
31,0.187705
32,0.184754
33,0.196760
34,0.199243
35,0.197003
36,0.199086
37,0.202289
38,0.204319
39,0.201148
40,0.204727
41,0.220157
42,0.201472
43,0.211251
44,0.214910
45,0.212977
46,0.215146
47,0.224073
48,0.222676
