1,2.422416
2,1.244437
3,0.835266
4,0.631531
5,0.506828
6,0.424536
7,0.363793
8,0.319502
9,0.282854
10,0.254665
11,0.236228
12,0.217461
13,0.198780
14,0.187145
15,0.174164
16,0.161920
17,0.156235
18,0.149865
19,0.142387
20,0.151509
21,0.167058
22,0.174852
23,0.176759
24,0.185677
25,0.193868
26,0.191177
27,0.198604
28,0.189817
29,0.192852
30,0.205645
31,0.179535
32,0.195857
33,0.182758
34,0.201752
35,0.195588
36,0.191125
37,0.176769
38,0.189121
39,0.185490
40,0.193769
41,0.206001
42,0.194177
43,0.186496
44,0.214009
45,0.198648
46,0.198720
47,0.205480
48,0.217834
