1,2.434941
2,1.245727
3,0.829310
4,0.624052
5,0.499892
6,0.419241
7,0.358487
8,0.313326
9,0.279467
10,0.252849
11,0.233661
12,0.214973
13,0.196718
14,0.184529
15,0.172066
16,0.160336
17,0.154680
18,0.149844
19,0.154164
20,0.165675
21,0.189569
22,0.179458
23,0.203784
24,0.196700
25,0.199354
26,0.209375
27,0.202988
28,0.212637
29,0.192483
30,0.203145
31,0.195253
32,0.204456
33,0.197306
34,0.199287
35,0.193196
36,0.197946
37,0.194563
38,0.203379
39,0.205535
40,0.226883
41,0.183201
42,0.213254
43,0.208517
44,0.191859
45,0.220826
46,0.215800
47,0.212474
48,0.203176
