1,2.402750
2,1.218000
3,0.818436
4,0.621255
5,0.498132
6,0.417407
7,0.357878
8,0.313280
9,0.278096
10,0.251336
11,0.232821
12,0.213520
13,0.195312
14,0.183816
15,0.171314
16,0.160253
17,0.153533
18,0.147305
19,0.143378
20,0.156634
21,0.168613
22,0.177309
23,0.177512
24,0.178342
25,0.199070
26,0.195079
27,0.191413
28,0.187234
29,0.191631
30,0.183456
31,0.199784
32,0.182217
33,0.192242
34,0.193122
35,0.194275
36,0.193045
37,0.209352
38,0.191615
39,0.199894
40,0.212328
41,0.212673
42,0.212535
43,0.205525
44,0.192944
45,0.203659
46,0.210188
47,0.233480
48,0.234175
