1,2.402571
2,1.220719
3,0.818994
4,0.621132
5,0.498122
6,0.417259
7,0.356671
8,0.313149
9,0.278667
10,0.251282
11,0.229094
12,0.213363
13,0.195723
14,0.183823
15,0.170967
16,0.160789
17,0.154457
18,0.149508
19,0.149358
20,0.154084
21,0.170354
22,0.179972
23,0.184144
24,0.197871
25,0.188729
26,0.191297
27,0.217724
28,0.212455
29,0.191994
30,0.188676
31,0.185630
32,0.197521
33,0.188538
34,0.192965
35,0.206839
36,0.172826
37,0.185638
38,0.175729
39,0.185033
40,0.197296
41,0.176266
42,0.183342
43,0.183968
44,0.217968
45,0.224067
46,0.205806
47,0.191871
48,0.192342
