1,2.412903
2,1.219262
3,0.819428
4,0.622346
5,0.499102
6,0.418933
7,0.358090
8,0.312843
9,0.278632
10,0.251934
11,0.233704
12,0.214133
13,0.195851
14,0.184310
15,0.171912
16,0.159698
17,0.153917
18,0.148550
19,0.145337
20,0.159347
21,0.176223
22,0.174180
23,0.177621
24,0.190643
25,0.199740
26,0.191582
27,0.201474
28,0.210643
29,0.200667
30,0.197269
31,0.182857
32,0.203322
33,0.191204
34,0.209640
35,0.181111
36,0.206122
37,0.206207
38,0.205772
39,0.209870
40,0.199690
41,0.209195
42,0.215299
43,0.200417
44,0.196730
45,0.202998
46,0.207551
47,0.196001
48,0.216194
