1,2.411961
2,1.243492
3,0.835620
4,0.631945
5,0.506049
6,0.424583
7,0.363620
8,0.318365
9,0.283238
10,0.254774
11,0.235699
12,0.217865
13,0.199232
14,0.187055
15,0.174159
16,0.161883
17,0.157196
18,0.150883
19,0.147414
20,0.148520
21,0.171235
22,0.177984
23,0.185998
24,0.204964
25,0.192651
26,0.186903
27,0.182812
28,0.200409
29,0.198556
30,0.199811
31,0.204500
32,0.185269
33,0.204262
34,0.191142
35,0.188816
36,0.183551
37,0.190419
38,0.189073
39,0.186288
40,0.214405
41,0.189987
42,0.202217
43,0.201172
44,0.222142
45,0.189923
46,0.218344
47,0.203178
48,0.218267
