1,2.418081
2,1.255144
3,0.836014
4,0.629175
5,0.503845
6,0.422503
7,0.360987
8,0.316516
9,0.284994
10,0.254404
11,0.235334
12,0.219845
13,0.197708
14,0.185696
15,0.173051
16,0.160983
17,0.155492
18,0.150495
19,0.157632
20,0.170075
21,0.174092
22,0.195653
23,0.199283
24,0.206907
25,0.212413
26,0.197342
27,0.189087
28,0.206967
29,0.203852
30,0.182783
31,0.207368
32,0.184986
33,0.192029
34,0.191397
35,0.222101
36,0.220273
37,0.200150
38,0.201056
39,0.226158
40,0.215654
41,0.197867
42,0.205725
43,0.215719
44,0.213477
45,0.209711
46,0.223721
47,0.226503
48,0.231867
