1,0.396523
2,0.250007
3,0.250749
4,0.165344
5,0.112231
6,0.115395
7,0.104397
8,0.121358
9,0.083901
10,0.079606
11,0.071928
12,0.146490
13,0.111413
14,0.090316
15,0.149399
16,0.079333
17,0.108762
18,0.100794
19,0.122597
20,0.120154
21,0.107302
22,0.127148
23,0.077104
24,0.110511
25,0.116706
26,0.094551
27,0.109718
28,0.080747
29,0.093204
30,0.120089
31,0.109724
32,0.076186
33,0.070688
34,0.101120
35,0.072858
36,0.075262
37,0.092244
38,0.087137
39,0.086053
40,0.079505
41,0.075353
42,0.072681
43,0.069085
44,0.073498
45,0.079345
46,0.076142
47,0.078928
48,0.082358
1,0.395033
2,0.263370
3,0.201783
4,0.120565
5,0.148785
6,0.123947
7,0.159577
8,0.078669
9,0.099291
10,0.071304
11,0.074698
12,0.073485
13,0.076980
14,0.070613
15,0.162935
16,0.066633
17,0.066489
18,0.118163
19,0.107069
20,0.079552
21,0.077481
22,0.089024
23,0.072044
24,0.115423
25,0.069195
26,0.069750
27,0.088810
28,0.151852
29,0.128877
30,0.068162
31,0.072509
32,0.081022
33,0.115476
34,0.075129
35,0.077174
36,0.100124
37,0.071144
38,0.093338
39,0.070249
40,0.080729
41,0.075129
42,0.105111
43,0.113244
44,0.081655
45,0.081629
46,0.100259
47,0.100757
48,0.097786
1,0.395592
2,0.228302
3,0.163471
4,0.134968
5,0.108148
6,0.090092
7,0.085023
8,0.071758
9,0.096770
10,0.087379
11,0.074343
12,0.063587
13,0.069677
14,0.071601
15,0.064825
16,0.076818
17,0.089408
18,0.067441
19,0.069918
20,0.071826
21,0.086023
22,0.079497
23,0.077974
24,0.080331
25,0.086344
26,0.099651
27,0.087886
28,0.071195
29,0.074051
30,0.073361
31,0.123111
32,0.069281
33,0.085456
34,0.113799
35,0.079613
36,0.079405
37,0.077532
38,0.074873
39,0.090015
40,0.101429
41,0.076243
42,0.100097
43,0.093636
44,0.106388
45,0.104787
46,0.082157
47,0.090379
48,0.112081
1,0.398800
2,0.282316
3,0.197581
4,0.137710
5,0.110103
6,0.104690
7,0.177593
8,0.084135
9,0.081149
10,0.085749
11,0.083535
12,0.065479
13,0.083669
14,0.069121
15,0.116257
16,0.066425
17,0.066350
18,0.077906
19,0.068324
20,0.069671
21,0.110774
22,0.097955
23,0.071657
24,0.093972
25,0.064665
26,0.075604
27,0.118964
28,0.101151
29,0.072150
30,0.110634
31,0.077550
32,0.082492
33,0.091727
34,0.078923
35,0.081416
36,0.070528
37,0.084851
38,0.086761
39,0.077555
40,0.079588
41,0.077448
42,0.067834
43,0.062872
44,0.067566
45,0.069454
46,0.071523
47,0.098849
48,0.088991
1,0.409176
2,0.226682
3,0.161145
4,0.135507
5,0.126489
6,0.167492
7,0.084565
8,0.079880
9,0.089890
10,0.079305
11,0.138808
12,0.073516
13,0.066114
14,0.071400
15,0.101648
16,0.063875
17,0.065082
18,0.089367
19,0.082431
20,0.084333
21,0.071386
22,0.093697
23,0.109484
24,0.070562
25,0.067811
26,0.098797
27,0.096013
28,0.073428
29,0.086592
30,0.092819
31,0.093438
32,0.083537
33,0.066750
34,0.076588
35,0.096991
36,0.091975
37,0.070445
38,0.087557
39,0.087072
40,0.072140
41,0.078988
42,0.096318
43,0.082053
44,0.105174
45,0.073320
46,0.111926
47,0.159744
48,0.117037
1,0.395334
2,0.222728
3,0.216203
4,0.128589
5,0.106388
6,0.091931
7,0.093106
8,0.093081
9,0.076942
10,0.068010
11,0.071048
12,0.064343
13,0.062889
14,0.083463
15,0.066990
16,0.065218
17,0.069383
18,0.076002
19,0.073969
20,0.071299
21,0.075146
22,0.071640
23,0.071570
24,0.076344
25,0.082458
26,0.067890
27,0.069242
28,0.077350
29,0.091383
30,0.088850
31,0.095943
32,0.074264
33,0.076906
34,0.075471
35,0.076081
36,0.147528
37,0.104696
38,0.084935
39,0.105388
40,0.100897
41,0.070874
42,0.095112
43,0.071592
44,0.109965
45,0.127469
46,0.103707
47,0.094884
48,0.116716
1,0.395393
2,0.222860
3,0.191733
4,0.132998
5,0.108609
6,0.096076
7,0.083554
8,0.074473
9,0.083272
10,0.124802
11,0.080581
12,0.071125
13,0.071235
14,0.070280
15,0.075376
16,0.070412
17,0.070523
18,0.071097
19,0.064829
20,0.090163
21,0.066943
22,0.064545
23,0.081920
24,0.073551
25,0.104716
26,0.073418
27,0.083112
28,0.079932
29,0.075573
30,0.091813
31,0.094516
32,0.088221
33,0.075505
34,0.067620
35,0.070777
36,0.081158
37,0.083726
38,0.078802
39,0.070821
40,0.087014
41,0.078360
42,0.082602
43,0.073885
44,0.079091
45,0.099714
46,0.090117
47,0.101816
48,0.095616
1,0.396947
2,0.226435
3,0.173729
4,0.152903
5,0.110345
6,0.096414
7,0.130870
8,0.078162
9,0.069185
10,0.089623
11,0.079537
12,0.074449
13,0.083900
14,0.068471
15,0.069023
16,0.072237
17,0.065099
18,0.085242
19,0.072259
20,0.069129
21,0.069878
22,0.076840
23,0.079254
24,0.074578
25,0.071483
26,0.072775
27,0.068161
28,0.071679
29,0.072449
30,0.084820
31,0.076027
32,0.066581
33,0.069286
34,0.076816
35,0.078122
36,0.070316
37,0.076080
38,0.069058
39,0.071541
40,0.106841
41,0.070230
42,0.110008
43,0.072495
44,0.078842
45,0.071251
46,0.078745
47,0.081147
48,0.097194
1,0.395367
2,0.248859
3,0.214962
4,0.136426
5,0.104831
6,0.099623
7,0.079662
8,0.091597
9,0.080338
10,0.140597
11,0.073921
12,0.069201
13,0.068045
14,0.084996
15,0.072429
16,0.128156
17,0.125701
18,0.070022
19,0.069050
20,0.072196
21,0.072557
22,0.071793
23,0.072384
24,0.097459
25,0.070545
26,0.070148
27,0.084072
28,0.099158
29,0.066272
30,0.073536
31,0.078883
32,0.102199
33,0.071209
34,0.114148
35,0.080597
36,0.076482
37,0.103091
38,0.095925
39,0.072607
40,0.075465
41,0.134931
42,0.079706
43,0.067135
44,0.086685
45,0.084355
46,0.109279
47,0.089261
48,0.113590
1,0.394908
2,0.241418
3,0.154907
4,0.144377
5,0.132069
6,0.103866
7,0.079333
8,0.108790
9,0.079127
10,0.101503
11,0.075882
12,0.063554
13,0.069853
14,0.068571
15,0.073204
16,0.082070
17,0.069376
18,0.076558
19,0.072895
20,0.112517
21,0.068023
22,0.091376
23,0.072148
24,0.081754
25,0.081822
26,0.070887
27,0.075846
28,0.075969
29,0.074454
30,0.078794
31,0.109814
32,0.078462
33,0.074383
34,0.100423
35,0.091478
36,0.069015
37,0.097236
38,0.084510
39,0.086946
40,0.106944
41,0.096825
42,0.096930
43,0.102553
44,0.076628
45,0.073107
46,0.074999
47,0.087583
48,0.121239
