10,0.068877
100,0.073689
500,0.038311
1000,0.026992
5000,0.055415
10000,0.037830
50000,0.060890
100000,0.126618
10,0.064351
100,0.044877
500,0.055074
1000,0.047490
5000,0.028100
10000,0.061831
50000,0.093633
100000,0.145755
10,0.076791
100,0.046250
500,0.061887
1000,0.058943
5000,0.045257
10000,0.068067
50000,0.082533
100000,0.144676
10,0.043641
100,0.085835
500,0.055704
1000,0.083111
5000,0.051335
10000,0.044357
50000,0.076068
100000,0.152098
10,0.056851
100,0.032931
500,0.038336
1000,0.061394
5000,0.054754
10000,0.038245
50000,0.085232
100000,0.130397
10,0.055646
100,0.094659
500,0.110807
1000,0.081341
5000,0.037897
10000,0.050507
50000,0.075433
100000,0.180900
10,0.054736
100,0.022932
500,0.066086
1000,0.106131
5000,0.040347
10000,0.038092
50000,0.085689
100000,0.135385
10,0.038195
100,0.051464
500,0.038885
1000,0.051187
5000,0.046046
10000,0.029658
50000,0.080264
100000,0.123254
10,0.048070
100,0.024948
500,0.034979
1000,0.057618
5000,0.046697
10000,0.100532
50000,0.088395
100000,0.143782
10,0.053988
100,0.029808
500,0.062742
1000,0.108530
5000,0.051714
10000,0.050869
50000,0.063303
100000,0.151356
