10,0.049164
100,0.038077
500,0.054392
1000,0.040118
5000,0.054673
10000,0.039610
50000,0.061733
100000,0.119990
10,0.046668
100,0.061535
500,0.054341
1000,0.065278
5000,0.192171
10000,0.037880
50000,0.078459
100000,0.106619
10,0.055438
100,0.035993
500,0.107227
1000,0.032250
5000,0.058302
10000,0.050707
50000,0.114796
100000,0.157708
10,0.060547
100,0.041481
500,0.045128
1000,0.165373
5000,0.049118
10000,0.054218
50000,0.196698
100000,0.132304
10,0.080545
100,0.041884
500,0.050818
1000,0.050503
5000,0.041232
10000,0.041725
50000,0.069047
100000,0.115033
10,0.047733
100,0.041161
500,0.027857
1000,0.037800
5000,0.087170
10000,0.039327
50000,0.086135
100000,0.139005
10,0.042073
100,0.037665
500,0.045158
1000,0.033874
5000,0.054308
10000,0.037950
50000,0.065538
100000,0.138895
10,0.064558
100,0.083214
500,0.058420
1000,0.039949
5000,0.050656
10000,0.061441
50000,0.135707
100000,0.097562
10,0.054586
100,0.052435
500,0.035174
1000,0.042051
5000,0.051249
10000,0.041873
50000,0.100760
100000,0.146523
10,0.062121
100,0.040029
500,0.057993
1000,0.054210
5000,0.116461
10000,0.048210
50000,0.070529
100000,0.142025
