1,0.413764
2,0.270431
3,0.184181
4,0.142233
5,0.130431
6,0.180881
7,0.192460
8,0.197964
9,0.137421
10,0.087701
11,0.108867
12,0.098563
13,0.091059
14,0.106126
15,0.086802
16,0.086050
17,0.086946
18,0.082624
19,0.081842
20,0.089696
21,0.084753
22,0.095710
23,0.083941
24,0.087682
25,0.094638
26,0.092951
27,0.080504
28,0.086209
29,0.080713
30,0.081236
31,0.091113
32,0.100138
33,0.097971
34,0.083889
35,0.091555
36,0.089542
37,0.087188
38,0.092223
39,0.089449
40,0.070932
41,0.083236
42,0.092413
43,0.084947
44,0.078959
45,0.088133
46,0.097492
47,0.094464
48,0.098171
1,0.412515
2,0.268912
3,0.188079
4,0.149106
5,0.127876
6,0.122843
7,0.118976
8,0.143678
9,0.147138
10,0.113672
11,0.118914
12,0.095669
13,0.093674
14,0.104814
15,0.086130
16,0.099045
17,0.086362
18,0.093345
19,0.125341
20,0.111411
21,0.082422
22,0.084983
23,0.096359
24,0.100878
25,0.084671
26,0.096282
27,0.080933
28,0.082029
29,0.108972
30,0.097220
31,0.116384
32,0.085158
33,0.065997
34,0.152518
35,0.086581
36,0.084969
37,0.082684
38,0.088722
39,0.127203
40,0.087874
41,0.075625
42,0.091164
43,0.082345
44,0.084885
45,0.085116
46,0.090365
47,0.085760
48,0.130125
1,0.420812
2,0.273410
3,0.202976
4,0.228348
5,0.133532
6,0.216588
7,0.118129
8,0.125729
9,0.147092
10,0.127802
11,0.130627
12,0.122120
13,0.092198
14,0.097172
15,0.084867
16,0.088843
17,0.084260
18,0.088397
19,0.088124
20,0.089119
21,0.089727
22,0.083800
23,0.088779
24,0.094951
25,0.082668
26,0.077956
27,0.083400
28,0.114709
29,0.117502
30,0.081318
31,0.086214
32,0.085904
33,0.082678
34,0.085025
35,0.084427
36,0.082830
37,0.083269
38,0.087394
39,0.146423
40,0.086828
41,0.082749
42,0.085030
43,0.087101
44,0.091680
45,0.085030
46,0.088319
47,0.086905
48,0.092020
1,0.414245
2,0.541133
3,0.469212
4,0.150462
5,0.141359
6,0.191622
7,0.186052
8,0.194244
9,0.093635
10,0.085170
11,0.130421
12,0.101710
13,0.101146
14,0.093094
15,0.085578
16,0.091092
17,0.118512
18,0.089987
19,0.083732
20,0.083978
21,0.087209
22,0.085418
23,0.095168
24,0.095677
25,0.092194
26,0.081190
27,0.079034
28,0.080660
29,0.084102
30,0.080790
31,0.081873
32,0.077849
33,0.083424
34,0.083373
35,0.087315
36,0.086766
37,0.086350
38,0.088197
39,0.100722
40,0.091001
41,0.124692
42,0.078606
43,0.080368
44,0.089945
45,0.090849
46,0.082980
47,0.096912
48,0.100567
1,0.463118
2,0.271712
3,0.185356
4,0.155681
5,0.146396
6,0.122679
7,0.114331
8,0.118972
9,0.145775
10,0.131148
11,0.110891
12,0.108298
13,0.097792
14,0.098818
15,0.099241
16,0.087915
17,0.082608
18,0.082042
19,0.098358
20,0.083858
21,0.087703
22,0.109507
23,0.085680
24,0.086652
25,0.100838
26,0.083156
27,0.083626
28,0.083653
29,0.084234
30,0.086850
31,0.089457
32,0.100306
33,0.091520
34,0.109345
35,0.094129
36,0.141645
37,0.105447
38,0.086110
39,0.087222
40,0.076204
41,0.083648
42,0.114232
43,0.097200
44,0.095504
45,0.086343
46,0.107789
47,0.089015
48,0.084980
1,0.422170
2,0.267780
3,0.201222
4,0.158988
5,0.129791
6,0.201797
7,0.102953
8,0.194507
9,0.162158
10,0.117997
11,0.109995
12,0.121164
13,0.096694
14,0.091636
15,0.087332
16,0.090750
17,0.092322
18,0.097685
19,0.091508
20,0.097810
21,0.082575
22,0.096861
23,0.084429
24,0.086283
25,0.090564
26,0.093695
27,0.083555
28,0.090346
29,0.096018
30,0.085121
31,0.091992
32,0.085871
33,0.103644
34,0.093717
35,0.097836
36,0.080338
37,0.083872
38,0.102321
39,0.116708
40,0.079225
41,0.086411
42,0.083816
43,0.087372
44,0.083769
45,0.080814
46,0.095697
47,0.121082
48,0.098382
1,0.416528
2,0.252216
3,0.182135
4,0.278298
5,0.137493
6,0.106522
7,0.108887
8,0.158124
9,0.145051
10,0.132982
11,0.097107
12,0.097739
13,0.091963
14,0.092295
15,0.091243
16,0.087371
17,0.139100
18,0.107381
19,0.097754
20,0.145742
21,0.099791
22,0.085227
23,0.089259
24,0.086471
25,0.085166
26,0.146591
27,0.083972
28,0.097399
29,0.085833
30,0.103969
31,0.099486
32,0.112652
33,0.090978
34,0.125343
35,0.075148
36,0.075488
37,0.107815
38,0.108140
39,0.093889
40,0.093735
41,0.086981
42,0.086773
43,0.097258
44,0.104927
45,0.132956
46,0.080553
47,0.096954
48,0.107708
1,0.411888
2,0.269631
3,0.181565
4,0.164816
5,0.202411
6,0.119065
7,0.109485
8,0.121713
9,0.142966
10,0.130933
11,0.115690
12,0.103061
13,0.113518
14,0.086577
15,0.091469
16,0.126453
17,0.095582
18,0.090604
19,0.107861
20,0.085551
21,0.086648
22,0.093398
23,0.126905
24,0.088893
25,0.085568
26,0.085738
27,0.082854
28,0.084681
29,0.079239
30,0.089151
31,0.086993
32,0.088280
33,0.094890
34,0.093174
35,0.091445
36,0.098733
37,0.107035
38,0.095121
39,0.076669
40,0.129596
41,0.101709
42,0.101764
43,0.099074
44,0.090090
45,0.099203
46,0.096039
47,0.093638
48,0.121943
1,0.453684
2,0.256263
3,0.198894
4,0.148986
5,0.132152
6,0.166140
7,0.139895
8,0.104740
9,0.107713
10,0.115735
11,0.117737
12,0.096829
13,0.114338
14,0.138544
15,0.089650
16,0.090345
17,0.101668
18,0.090126
19,0.091433
20,0.125103
21,0.085079
22,0.088468
23,0.086243
24,0.130305
25,0.083410
26,0.094639
27,0.098081
28,0.081502
29,0.079622
30,0.133063
31,0.097278
32,0.107292
33,0.081170
34,0.103656
35,0.083427
36,0.116771
37,0.092777
38,0.112021
39,0.116217
40,0.087267
41,0.086669
42,0.094504
43,0.086645
44,0.115875
45,0.083967
46,0.088538
47,0.133086
48,0.099167
1,0.414043
2,0.248916
3,0.224719
4,0.169141
5,0.226584
6,0.229991
7,0.201485
8,0.135918
9,0.135151
10,0.111200
11,0.106353
12,0.119349
13,0.132834
14,0.112733
15,0.101918
16,0.097087
17,0.081408
18,0.105778
19,0.150123
20,0.082664
21,0.085217
22,0.087525
23,0.095273
24,0.089077
25,0.081907
26,0.079963
27,0.083941
28,0.098821
29,0.081396
30,0.105521
31,0.096422
32,0.087079
33,0.091872
34,0.084485
35,0.085695
36,0.110033
37,0.082094
38,0.083793
39,0.105961
40,0.085622
41,0.106230
42,0.082742
43,0.099473
44,0.099124
45,0.084572
46,0.120162
47,0.087545
48,0.096744
