1,0.203157
2,0.202557
3,0.203489
4,0.203418
5,0.203678
6,0.203139
7,0.235047
8,0.203602
9,0.206495
10,0.202876
11,0.203296
12,0.202961
13,0.356806
14,0.203737
15,0.203358
16,0.202508
17,0.204270
18,0.203874
19,0.203269
20,0.203492
21,0.203000
22,0.203777
23,0.204162
24,0.203145
25,0.202762
26,0.202950
27,0.203054
28,0.202981
29,0.202621
30,0.202527
31,0.202859
32,0.203541
33,0.202912
34,0.203478
35,0.232974
36,0.202472
37,0.203631
38,0.204785
39,0.203367
40,0.203086
41,0.203029
42,0.203278
43,0.203101
44,0.204035
45,0.202919
46,0.203105
47,0.203307
48,0.202507
1,0.203318
2,0.203050
3,0.202946
4,0.203205
5,0.339620
6,0.202872
7,0.203686
8,0.203848
9,0.203657
10,0.203516
11,0.203917
12,0.203085
13,0.203259
14,0.272288
15,0.203004
16,0.203614
17,0.332684
18,0.204270
19,0.202966
20,0.203568
21,0.203280
22,0.276333
23,0.202251
24,0.227040
25,0.203234
26,0.243740
27,0.203687
28,0.203476
29,0.202845
30,0.221651
31,0.363326
32,0.276209
33,0.202913
34,0.203592
35,0.203768
36,0.203646
37,0.203090
38,0.236514
39,0.204990
40,0.203033
41,0.203236
42,0.202626
43,0.231296
44,0.203505
45,0.202884
46,0.202887
47,0.207806
48,0.202974
1,0.204148
2,0.203153
3,0.210416
4,0.203568
5,0.202779
6,0.202770
7,0.203003
8,0.203417
9,0.203490
10,0.203267
11,0.217964
12,0.204593
13,0.203378
14,0.204609
15,0.329494
16,0.206304
17,0.203229
18,0.216205
19,0.203325
20,0.203215
21,0.210158
22,0.202872
23,0.203190
24,0.203938
25,0.202170
26,0.202802
27,0.203476
28,0.202740
29,0.202992
30,0.202739
31,0.203284
32,0.203807
33,0.217139
34,0.203775
35,0.202928
36,0.203359
37,0.203275
38,0.203037
39,0.203379
40,0.259137
41,0.203184
42,0.203258
43,0.202642
44,0.204344
45,0.202682
46,0.202910
47,0.203237
48,0.206925
1,0.215683
2,0.203061
3,0.262121
4,0.203277
5,0.266782
6,0.202505
7,0.202684
8,0.202616
9,0.203447
10,0.204210
11,0.203131
12,0.203427
13,0.203384
14,0.203793
15,0.203392
16,0.203172
17,0.203241
18,0.203773
19,0.203433
20,0.203490
21,0.203768
22,0.219592
23,0.203562
24,0.203700
25,0.203320
26,0.203026
27,0.202608
28,0.203069
29,0.203100
30,0.203692
31,0.203498
32,0.204006
33,0.227233
34,0.203306
35,0.203118
36,0.203849
37,0.391887
38,0.202981
39,0.202595
40,0.202991
41,0.203282
42,0.203984
43,0.203135
44,0.203763
45,0.203962
46,0.203015
47,0.203572
48,0.203010
1,0.203047
2,0.203255
3,0.203191
4,0.204063
5,0.202887
6,0.202910
7,0.203673
8,0.203270
9,0.203421
10,0.233108
11,0.205512
12,0.203119
13,0.260737
14,0.259918
15,0.203357
16,0.203161
17,0.203235
18,0.213104
19,0.203344
20,0.204402
21,0.203275
22,0.204662
23,0.204539
24,0.202834
25,0.203693
26,0.203129
27,0.215940
28,0.203249
29,0.203744
30,0.203715
31,0.203638
32,0.210942
33,0.203443
34,0.203826
35,0.203197
36,0.203541
37,0.202689
38,0.203489
39,0.204302
40,0.203610
41,0.203085
42,0.240584
43,0.203468
44,0.203685
45,0.202592
46,0.211293
47,0.202459
48,0.222484
1,0.202476
2,0.203051
3,0.204298
4,0.202948
5,0.203517
6,0.202997
7,0.203266
8,0.203189
9,0.203530
10,0.202867
11,0.325733
12,0.202841
13,0.206602
14,0.203218
15,0.205598
16,0.203094
17,0.257970
18,0.203302
19,0.203345
20,0.205159
21,0.203326
22,0.203613
23,0.203035
24,0.202436
25,0.202934
26,0.203035
27,0.203410
28,0.202976
29,0.203561
30,0.203628
31,0.202821
32,0.203165
33,0.203765
34,0.203038
35,0.202476
36,0.203374
37,0.203558
38,0.203744
39,0.203101
40,0.203285
41,0.203304
42,0.203525
43,0.202663
44,0.204113
45,0.203111
46,0.207824
47,0.203357
48,0.203745
1,0.203484
2,0.203233
3,0.203368
4,0.202733
5,0.212948
6,0.207080
7,0.202800
8,0.203359
9,0.203564
10,0.203857
11,0.205835
12,0.203779
13,0.203047
14,0.203985
15,0.203803
16,0.203641
17,0.203112
18,0.202958
19,0.304970
20,0.203837
21,0.205905
22,0.202676
23,0.203760
24,0.202229
25,0.203499
26,0.204696
27,0.203818
28,0.203727
29,0.215242
30,0.203129
31,0.202896
32,0.202945
33,0.203515
34,0.203852
35,0.203586
36,0.203451
37,0.203448
38,0.204087
39,0.204043
40,0.203216
41,0.203900
42,0.204702
43,0.203365
44,0.204180
45,0.203033
46,0.203940
47,0.202590
48,0.203438
1,0.206374
2,0.203119
3,0.203040
4,0.212550
5,0.203216
6,0.203329
7,0.202477
8,0.202957
9,0.202643
10,0.203625
11,0.202903
12,0.203391
13,0.204148
14,0.208849
15,0.203369
16,0.202714
17,0.203642
18,0.203041
19,0.275913
20,0.203293
21,0.214898
22,0.238436
23,0.203239
24,0.203334
25,0.201945
26,0.231800
27,0.203356
28,0.202785
29,0.203513
30,0.202777
31,0.203929
32,0.202503
33,0.202654
34,0.202653
35,0.203480
36,0.203490
37,0.202597
38,0.237063
39,0.352564
40,0.204438
41,0.202651
42,0.205397
43,0.203062
44,0.207521
45,0.203001
46,0.261762
47,0.212666
48,0.203586
1,0.203455
2,0.203073
3,0.203409
4,0.203852
5,0.203882
6,0.204623
7,0.202745
8,0.202910
9,0.229135
10,0.203742
11,0.204087
12,0.203440
13,0.202605
14,0.221786
15,0.203534
16,0.308449
17,0.203553
18,0.203131
19,0.203901
20,0.203412
21,0.202757
22,0.203434
23,0.209404
24,0.270959
25,0.204031
26,0.208246
27,0.228216
28,0.203249
29,0.204073
30,0.223218
31,0.203391
32,0.202984
33,0.204245
34,0.202977
35,0.203400
36,0.202789
37,0.203837
38,0.217839
39,0.202939
40,0.220550
41,0.203361
42,0.202623
43,0.203110
44,0.203387
45,0.204291
46,0.202745
47,0.294187
48,0.204189
1,0.203435
2,0.203313
3,0.216228
4,0.203715
5,0.203571
6,0.202912
7,0.203261
8,0.210153
9,0.202958
10,0.203994
11,0.203265
12,0.202917
13,0.203249
14,0.203423
15,0.203145
16,0.202902
17,0.203539
18,0.204415
19,0.203394
20,0.208593
21,0.203395
22,0.203369
23,0.203292
24,0.203431
25,0.208865
26,0.202417
27,0.204488
28,0.202892
29,0.202556
30,0.202957
31,0.203115
32,0.203109
33,0.203898
34,0.216419
35,0.203145
36,0.202864
37,0.203295
38,0.203258
39,0.203151
40,0.203396
41,0.203378
42,0.203405
43,0.214478
44,0.203181
45,0.204175
46,0.203254
47,0.203115
48,0.206817
