1,0.221371
2,0.230050
3,0.192358
4,0.258491
5,0.214409
6,0.246158
7,0.192454
8,0.231457
9,0.535503
10,0.193356
11,0.193585
12,0.204443
13,0.201573
14,0.200011
15,0.190433
16,0.194855
17,0.197311
18,0.207761
19,0.288710
20,0.239663
21,0.348123
22,0.267050
23,0.191222
24,0.191050
25,0.248179
26,0.262309
27,0.191295
28,0.274120
29,0.211769
30,0.450105
31,0.199597
32,0.190582
33,0.262122
34,0.204849
35,0.193907
36,0.196233
37,0.200166
38,0.314242
39,0.238442
40,0.193782
41,0.205435
42,0.283806
43,0.198093
44,0.206883
45,0.325180
46,0.191852
47,0.254881
48,0.191966
1,0.246768
2,0.189404
3,0.189726
4,0.189015
5,0.189046
6,0.189310
7,0.189045
8,0.299393
9,0.224969
10,0.189136
11,0.201445
12,0.189662
13,0.189085
14,0.189120
15,0.309367
16,0.189175
17,0.189006
18,0.189731
19,0.191790
20,0.189593
21,0.189085
22,0.189446
23,0.258921
24,0.189019
25,0.187850
26,0.187935
27,0.343935
28,0.189070
29,0.189880
30,0.238525
31,0.189287
32,0.189185
33,0.189627
34,0.189446
35,0.189459
36,0.189389
37,0.189550
38,0.189210
39,0.189289
40,0.189363
41,0.204924
42,0.202350
43,0.189294
44,0.225584
45,0.188749
46,0.189229
47,0.189283
48,0.261476
1,0.189906
2,0.189682
3,0.189795
4,0.188774
5,0.188988
6,0.189573
7,0.189775
8,0.189314
9,0.188981
10,0.192412
11,0.189094
12,0.188868
13,0.189504
14,0.189234
15,0.189189
16,0.189294
17,0.188736
18,0.188586
19,0.188767
20,0.189422
21,0.189166
22,0.188639
23,0.189305
24,0.189620
25,0.189468
26,0.189089
27,0.189046
28,0.227550
29,0.189233
30,0.189084
31,0.189730
32,0.195076
33,0.189440
34,0.189554
35,0.278774
36,0.189730
37,0.189678
38,0.191267
39,0.189124
40,0.189692
41,0.189301
42,0.189480
43,0.190161
44,0.189547
45,0.189189
46,0.189328
47,0.189513
48,0.188811
1,0.189426
2,0.189258
3,0.189279
4,0.188847
5,0.189281
6,0.188820
7,0.188692
8,0.189013
9,0.189153
10,0.189098
11,0.189877
12,0.232859
13,0.345389
14,0.189137
15,0.189891
16,0.317731
17,0.189155
18,0.189358
19,0.312998
20,0.188479
21,0.257477
22,0.189021
23,0.189275
24,0.188758
25,0.205139
26,0.291182
27,0.251964
28,0.189299
29,0.189152
30,0.246005
31,0.189475
32,0.189013
33,0.189108
34,0.189513
35,0.188807
36,0.189383
37,0.189245
38,0.189155
39,0.190185
40,0.190283
41,0.189688
42,0.189574
43,0.189803
44,0.189542
45,0.188787
46,0.189687
47,0.189309
48,0.189791
1,0.189085
2,0.240877
3,0.189468
4,0.189271
5,0.188814
6,0.189455
7,0.294909
8,0.189313
9,0.189514
10,0.189749
11,0.191497
12,0.218233
13,0.189214
14,0.189533
15,0.189304
16,0.189901
17,0.259969
18,0.188639
19,0.189132
20,0.189695
21,0.189220
22,0.189265
23,0.188981
24,0.188815
25,0.189200
26,0.189968
27,0.189503
28,0.251322
29,0.189564
30,0.188739
31,0.191128
32,0.189395
33,0.189425
34,0.189361
35,0.279097
36,0.189481
37,0.188790
38,0.189182
39,0.223766
40,0.188912
41,0.317798
42,0.189494
43,0.189549
44,0.189606
45,0.189248
46,0.189299
47,0.189884
48,0.221403
1,0.189295
2,0.189128
3,0.189546
4,0.188919
5,0.283052
6,0.189600
7,0.267391
8,0.189417
9,0.189033
10,0.189228
11,0.189473
12,0.189101
13,0.189857
14,0.189247
15,0.189656
16,0.189231
17,0.193570
18,0.189507
19,0.189226
20,0.188912
21,0.189716
22,0.189656
23,0.189600
24,0.189201
25,0.203573
26,0.190153
27,0.189542
28,0.189353
29,0.189377
30,0.228816
31,0.189512
32,0.189695
33,0.189679
34,0.189363
35,0.189867
36,0.190059
37,0.189315
38,0.189722
39,0.189568
40,0.189697
41,0.189733
42,0.189166
43,0.189392
44,0.189537
45,0.190102
46,0.245305
47,0.189523
48,0.189660
1,0.198719
2,0.189897
3,0.188484
4,0.334165
5,0.189282
6,0.189036
7,0.188871
8,0.189224
9,0.189120
10,0.189722
11,0.195327
12,0.188594
13,0.189173
14,0.189488
15,0.189485
16,0.189731
17,0.189382
18,0.189840
19,0.189215
20,0.189029
21,0.189036
22,0.189531
23,0.189293
24,0.188734
25,0.189664
26,0.189171
27,0.189350
28,0.189683
29,0.189876
30,0.189578
31,0.189452
32,0.189263
33,0.189024
34,0.189892
35,0.207087
36,0.189010
37,0.189660
38,0.189697
39,0.189490
40,0.189453
41,0.189257
42,0.189380
43,0.188748
44,0.188887
45,0.189516
46,0.189031
47,0.189665
48,0.189413
1,0.197795
2,0.189401
3,0.189407
4,0.222033
5,0.189477
6,0.228278
7,0.195858
8,0.188854
9,0.241008
10,0.262353
11,0.189346
12,0.189172
13,0.188928
14,0.249598
15,0.189665
16,0.213460
17,0.189245
18,0.189221
19,0.189200
20,0.199993
21,0.349819
22,0.278772
23,0.189519
24,0.188862
25,0.188986
26,0.189749
27,0.189282
28,0.189180
29,0.189469
30,0.197445
31,0.189478
32,0.189689
33,0.189775
34,0.189175
35,0.189456
36,0.190885
37,0.202090
38,0.188830
39,0.203373
40,0.189350
41,0.189058
42,0.188823
43,0.189156
44,0.188307
45,0.199609
46,0.217473
47,0.189382
48,0.228888
1,0.189672
2,0.190901
3,0.189268
4,0.189338
5,0.189774
6,0.188962
7,0.188915
8,0.188928
9,0.189439
10,0.190232
11,0.188813
12,0.188733
13,0.189186
14,0.189597
15,0.189564
16,0.189191
17,0.189782
18,0.189450
19,0.190169
20,0.189554
21,0.189831
22,0.188965
23,0.189100
24,0.189726
25,0.189508
26,0.189688
27,0.189976
28,0.189354
29,0.189229
30,0.192337
31,0.189669
32,0.189740
33,0.189270
34,0.189309
35,0.193505
36,0.189584
37,0.189125
38,0.189730
39,0.190266
40,0.189422
41,0.255131
42,0.189286
43,0.196013
44,0.189263
45,0.189319
46,0.189154
47,0.189616
48,0.189795
1,0.189946
2,0.189118
3,0.189103
4,0.189799
5,0.188696
6,0.189114
7,0.190129
8,0.189291
9,0.189610
10,0.189342
11,0.192723
12,0.194363
13,0.189742
14,0.189788
15,0.189728
16,0.252759
17,0.189594
18,0.189322
19,0.189180
20,0.191568
21,0.189124
22,0.189194
23,0.189687
24,0.189524
25,0.189502
26,0.189902
27,0.189853
28,0.189548
29,0.189652
30,0.189683
31,0.189572
32,0.239157
33,0.189773
34,0.189626
35,0.189473
36,0.188973
37,0.189025
38,0.189517
39,0.188604
40,0.211165
41,0.202607
42,0.189322
43,0.188710
44,0.188959
45,0.188581
46,0.189088
47,0.189268
48,0.257611
