10,0.000017
100,0.000163
500,0.000842
1000,0.001868
5000,0.019748
10000,0.022202
50000,0.185671
100000,0.193178
10,0.000018
100,0.000163
500,0.000829
1000,0.001741
5000,0.010532
10000,0.019266
50000,0.165253
100000,0.192010
10,0.000017
100,0.000163
500,0.000837
1000,0.001990
5000,0.009951
10000,0.036262
50000,0.095756
100000,0.244589
10,0.000017
100,0.000164
500,0.000845
1000,0.001858
5000,0.009683
10000,0.019400
50000,0.112829
100000,0.324434
10,0.000017
100,0.000166
500,0.000963
1000,0.002255
5000,0.011091
10000,0.019081
50000,0.155265
100000,0.202611
10,0.000017
100,0.000163
500,0.000872
1000,0.001753
5000,0.009734
10000,0.024539
50000,0.095603
100000,0.193503
10,0.000018
100,0.000163
500,0.000843
1000,0.001817
5000,0.009679
10000,0.019846
50000,0.125150
100000,0.290699
10,0.000017
100,0.000169
500,0.000844
1000,0.001868
5000,0.015117
10000,0.025941
50000,0.094720
100000,0.204647
10,0.000017
100,0.000163
500,0.000838
1000,0.002387
5000,0.010896
10000,0.019569
50000,0.096979
100000,0.197261
10,0.000017
100,0.000162
500,0.000832
1000,0.001900
5000,0.010913
10000,0.020955
50000,0.113107
100000,0.275694
