10,0.000019
100,0.000172
500,0.000864
1000,0.001809
5000,0.009738
10000,0.019369
50000,0.097528
100000,0.205870
10,0.000019
100,0.000174
500,0.000856
1000,0.001885
5000,0.012769
10000,0.021929
50000,0.105701
100000,0.205336
10,0.000019
100,0.000173
500,0.000849
1000,0.002158
5000,0.009790
10000,0.019337
50000,0.147642
100000,0.401056
10,0.000019
100,0.000171
500,0.000838
1000,0.001793
5000,0.009726
10000,0.019208
50000,0.121775
100000,0.943376
10,0.000019
100,0.000172
500,0.000842
1000,0.001827
5000,0.009732
10000,0.019430
50000,0.135990
100000,0.229684
10,0.000019
100,0.000173
500,0.000844
1000,0.001834
5000,0.009673
10000,0.019855
50000,0.103722
100000,0.310258
10,0.000019
100,0.000172
500,0.001055
1000,0.001974
5000,0.014083
10000,0.020135
50000,0.306075
100000,0.280385
10,0.000019
100,0.000171
500,0.000846
1000,0.001931
5000,0.012809
10000,0.019439
50000,0.097060
100000,0.205028
10,0.000019
100,0.000173
500,0.000877
1000,0.001943
5000,0.009679
10000,0.019347
50000,0.150315
100000,0.206600
10,0.000019
100,0.000234
500,0.000865
1000,0.002371
5000,0.017950
10000,0.019136
50000,0.097984
100000,0.278282
