10,0.039054
100,0.034294
500,0.032706
1000,0.033174
5000,0.042753
10000,0.041924
50000,0.153880
100000,0.139522
10,0.036111
100,0.025454
500,0.065616
1000,0.039232
5000,0.058609
10000,0.035892
50000,0.077079
100000,0.187534
10,0.066217
100,0.051285
500,0.053571
1000,0.061833
5000,0.040199
10000,0.043604
50000,0.117335
100000,0.171363
10,0.065743
100,0.046693
500,0.070569
1000,0.042036
5000,0.033468
10000,0.080959
50000,0.068387
100000,0.091919
10,0.041440
100,0.045728
500,0.038751
1000,0.057006
5000,0.050675
10000,0.051614
50000,0.109027
100000,0.158827
10,0.071828
100,0.053997
500,0.094156
1000,0.105726
5000,0.052978
10000,0.080136
50000,0.061107
100000,0.112918
10,0.090369
100,0.030934
500,0.053211
1000,0.045727
5000,0.067892
10000,0.046781
50000,0.074835
100000,0.203189
10,0.036751
100,0.041575
500,0.052763
1000,0.041548
5000,0.039426
10000,0.052490
50000,0.081066
100000,0.079316
10,0.034501
100,0.045282
500,0.108475
1000,0.073034
5000,0.041034
10000,0.038491
50000,0.065227
100000,0.146303
10,0.042107
100,0.047819
500,0.039325
1000,0.099200
5000,0.038677
10000,0.071403
50000,0.067923
100000,0.126528
