1,0.412381
2,0.220292
3,0.161803
4,0.125360
5,0.102798
6,0.085075
7,0.086690
8,0.068143
9,0.092674
10,0.058300
11,0.065051
12,0.071609
13,0.076216
14,0.090893
15,0.079134
16,0.067206
17,0.073009
18,0.065080
19,0.068719
20,0.071469
21,0.070290
22,0.087317
23,0.069865
24,0.112713
25,0.067676
26,0.070222
27,0.067876
28,0.076768
29,0.070535
30,0.082383
31,0.066429
32,0.081770
33,0.069086
34,0.075409
35,0.070038
36,0.075368
37,0.078065
38,0.069181
39,0.090916
40,0.069691
41,0.084061
42,0.082677
43,0.081812
44,0.079750
45,0.096014
46,0.073447
47,0.108785
48,0.124103
1,0.411361
2,0.220224
3,0.163330
4,0.123082
5,0.100980
6,0.086245
7,0.075604
8,0.065234
9,0.070866
10,0.104417
11,0.061010
12,0.070608
13,0.068092
14,0.066804
15,0.066373
16,0.080719
17,0.064819
18,0.063776
19,0.068306
20,0.083692
21,0.067364
22,0.068848
23,0.058487
24,0.087832
25,0.082879
26,0.081366
27,0.074291
28,0.071581
29,0.070634
30,0.064117
31,0.077201
32,0.067516
33,0.073626
34,0.077355
35,0.069873
36,0.079947
37,0.072616
38,0.071463
39,0.076611
40,0.077829
41,0.081098
42,0.087492
43,0.084530
44,0.057265
45,0.077859
46,0.083458
47,0.075017
48,0.070036
1,0.421123
2,0.237866
3,0.166507
4,0.148607
5,0.128349
6,0.100016
7,0.115323
8,0.082134
9,0.092549
10,0.059675
11,0.109536
12,0.063926
13,0.081881
14,0.090799
15,0.065398
16,0.064052
17,0.064575
18,0.067289
19,0.070064
20,0.077088
21,0.069101
22,0.076673
23,0.094383
24,0.065667
25,0.081146
26,0.067145
27,0.099503
28,0.075041
29,0.093269
30,0.066088
31,0.066687
32,0.107711
33,0.079612
34,0.064165
35,0.080469
36,0.071114
37,0.099837
38,0.097294
39,0.082609
40,0.068367
41,0.087644
42,0.130535
43,0.054207
44,0.160072
45,0.091191
46,0.073098
47,0.087480
48,0.122332
1,0.414134
2,0.220534
3,0.158738
4,0.125076
5,0.100502
6,0.137199
7,0.073882
8,0.070560
9,0.059674
10,0.081678
11,0.075388
12,0.072626
13,0.093648
14,0.066198
15,0.072290
16,0.112729
17,0.102175
18,0.080606
19,0.073116
20,0.061427
21,0.077395
22,0.068990
23,0.081402
24,0.088339
25,0.067766
26,0.058687
27,0.088125
28,0.070687
29,0.074571
30,0.073360
31,0.073359
32,0.075344
33,0.070167
34,0.075647
35,0.064278
36,0.075830
37,0.104075
38,0.072015
39,0.072404
40,0.066091
41,0.073454
42,0.068608
43,0.096624
44,0.074574
45,0.081160
46,0.072646
47,0.086195
48,0.109928
1,0.411741
2,0.240690
3,0.183975
4,0.111109
5,0.091332
6,0.084026
7,0.077187
8,0.066163
9,0.060673
10,0.058709
11,0.107851
12,0.136511
13,0.067000
14,0.066045
15,0.065659
16,0.064488
17,0.064451
18,0.075720
19,0.071629
20,0.085277
21,0.072411
22,0.092460
23,0.073417
24,0.087028
25,0.066005
26,0.083000
27,0.066971
28,0.088758
29,0.151335
30,0.075824
31,0.086761
32,0.093392
33,0.133300
34,0.085608
35,0.110935
36,0.074257
37,0.089036
38,0.085416
39,0.076220
40,0.099952
41,0.088285
42,0.088448
43,0.089479
44,0.103248
45,0.077949
46,0.076608
47,0.102306
48,0.072267
1,0.420337
2,0.216729
3,0.150442
4,0.120526
5,0.099663
6,0.081869
7,0.094624
8,0.064637
9,0.062043
10,0.083403
11,0.075336
12,0.118971
13,0.066741
14,0.072132
15,0.062834
16,0.064444
17,0.063657
18,0.069246
19,0.095506
20,0.063247
21,0.079545
22,0.086063
23,0.070511
24,0.077231
25,0.072531
26,0.081097
27,0.089887
28,0.073793
29,0.084702
30,0.078235
31,0.083189
32,0.078189
33,0.071267
34,0.100453
35,0.072662
36,0.099424
37,0.087460
38,0.075018
39,0.094144
40,0.069166
41,0.071975
42,0.065879
43,0.086150
44,0.085560
45,0.075654
46,0.071518
47,0.123363
48,0.070735
1,0.416307
2,0.221303
3,0.163574
4,0.139710
5,0.100304
6,0.109310
7,0.074276
8,0.064226
9,0.061377
10,0.064350
11,0.058378
12,0.058787
13,0.059345
14,0.061007
15,0.088988
16,0.063192
17,0.067374
18,0.068046
19,0.071479
20,0.073905
21,0.066123
22,0.083639
23,0.070898
24,0.071791
25,0.066849
26,0.079924
27,0.067470
28,0.072882
29,0.075737
30,0.087482
31,0.073754
32,0.065253
33,0.077092
34,0.074685
35,0.067288
36,0.075914
37,0.065866
38,0.073239
39,0.093317
40,0.069991
41,0.098279
42,0.085879
43,0.088711
44,0.072235
45,0.078787
46,0.077912
47,0.077962
48,0.082280
1,0.413246
2,0.237764
3,0.167805
4,0.123860
5,0.127687
6,0.087220
7,0.073801
8,0.063458
9,0.073246
10,0.059053
11,0.093187
12,0.072112
13,0.088184
14,0.066962
15,0.085654
16,0.064394
17,0.119325
18,0.072970
19,0.062507
20,0.086426
21,0.078001
22,0.065814
23,0.094763
24,0.127659
25,0.092317
26,0.076952
27,0.106053
28,0.071298
29,0.139211
30,0.070818
31,0.089738
32,0.085814
33,0.091583
34,0.081375
35,0.109024
36,0.073540
37,0.069483
38,0.083576
39,0.052419
40,0.089655
41,0.075204
42,0.118755
43,0.085665
44,0.069320
45,0.070181
46,0.090716
47,0.075802
48,0.111380
1,0.416043
2,0.220247
3,0.150820
4,0.140278
5,0.105038
6,0.098206
7,0.114584
8,0.065554
9,0.213207
10,0.087380
11,0.074761
12,0.070217
13,0.080191
14,0.075433
15,0.081976
16,0.062257
17,0.068920
18,0.071525
19,0.066999
20,0.037236
21,0.072279
22,0.070578
23,0.089154
24,0.064547
25,0.075957
26,0.069855
27,0.067834
28,0.071733
29,0.076160
30,0.077018
31,0.074407
32,0.068947
33,0.073292
34,0.096730
35,0.067907
36,0.071487
37,0.075970
38,0.146478
39,0.088981
40,0.049011
41,0.062999
42,0.091983
43,0.074814
44,0.075976
45,0.101823
46,0.060603
47,0.085604
48,0.147320
1,0.412513
2,0.276160
3,0.151938
4,0.125061
5,0.100455
6,0.092158
7,0.079295
8,0.103783
9,0.151554
10,0.059850
11,0.089277
12,0.064433
13,0.066892
14,0.064142
15,0.071553
16,0.117541
17,0.075823
18,0.096649
19,0.075671
20,0.072521
21,0.048013
22,0.076364
23,0.065585
24,0.069672
25,0.076065
26,0.067810
27,0.052923
28,0.067685
29,0.078223
30,0.076235
31,0.071919
32,0.101822
33,0.079514
34,0.100023
35,0.076428
36,0.096885
37,0.084140
38,0.082374
39,0.092369
40,0.089330
41,0.101901
42,0.077215
43,0.072116
44,0.074479
45,0.091921
46,0.071286
47,0.103589
48,0.162035
