1,0.396676
2,0.208906
3,0.146387
4,0.114428
5,0.090571
6,0.075785
7,0.066229
8,0.059961
9,0.058545
10,0.054943
11,0.057460
12,0.067485
13,0.061706
14,0.058824
15,0.080750
16,0.060734
17,0.070682
18,0.059009
19,0.075511
20,0.066331
21,0.067627
22,0.064526
23,0.069134
24,0.064344
25,0.099141
26,0.062151
27,0.083609
28,0.063564
29,0.068033
30,0.075436
31,0.074651
32,0.067980
33,0.073605
34,0.062736
35,0.085503
36,0.072736
37,0.069847
38,0.069045
39,0.063472
40,0.071702
41,0.079867
42,0.085625
43,0.073689
44,0.093518
45,0.076170
46,0.066376
47,0.081508
48,0.115539
1,0.398378
2,0.199141
3,0.147558
4,0.110701
5,0.092028
6,0.072863
7,0.066696
8,0.070073
9,0.106263
10,0.098424
11,0.072987
12,0.056487
13,0.150951
14,0.060615
15,0.063820
16,0.061605
17,0.060833
18,0.065182
19,0.060186
20,0.068794
21,0.067339
22,0.063949
23,0.062264
24,0.070934
25,0.060618
26,0.073315
27,0.102658
28,0.062318
29,0.068125
30,0.066767
31,0.076490
32,0.066387
33,0.071774
34,0.107995
35,0.070896
36,0.067585
37,0.069668
38,0.092373
39,0.098606
40,0.085067
41,0.064053
42,0.066581
43,0.072191
44,0.068751
45,0.073755
46,0.066691
47,0.092894
48,0.075404
1,0.396237
2,0.215420
3,0.176939
4,0.113457
5,0.095810
6,0.196857
7,0.065385
8,0.057777
9,0.055504
10,0.095458
11,0.055381
12,0.056191
13,0.048984
14,0.082968
15,0.082092
16,0.090297
17,0.058153
18,0.070833
19,0.077194
20,0.062077
21,0.114657
22,0.085726
23,0.060853
24,0.091086
25,0.060892
26,0.077964
27,0.075539
28,0.086626
29,0.108174
30,0.066363
31,0.063356
32,0.101890
33,0.067059
34,0.075746
35,0.088040
36,0.102676
37,0.100631
38,0.100828
39,0.068645
40,0.070085
41,0.090499
42,0.080781
43,0.073137
44,0.068770
45,0.065499
46,0.073175
47,0.065527
48,0.102850
1,0.398232
2,0.230120
3,0.153427
4,0.111893
5,0.089635
6,0.077059
7,0.067790
8,0.077350
9,0.088388
10,0.079979
11,0.056996
12,0.066860
13,0.066746
14,0.063612
15,0.062331
16,0.061816
17,0.059817
18,0.071767
19,0.073716
20,0.064068
21,0.066865
22,0.066417
23,0.071526
24,0.065453
25,0.083195
26,0.068729
27,0.065280
28,0.067456
29,0.096785
30,0.064946
31,0.066207
32,0.107559
33,0.068929
34,0.065674
35,0.071253
36,0.069605
37,0.089437
38,0.081639
39,0.089526
40,0.060800
41,0.080818
42,0.077413
43,0.063713
44,0.076070
45,0.067798
46,0.077076
47,0.077175
48,0.088483
1,0.397403
2,0.212031
3,0.147842
4,0.112478
5,0.090896
6,0.087672
7,0.066828
8,0.060493
9,0.057358
10,0.063980
11,0.057661
12,0.112395
13,0.064633
14,0.064287
15,0.070358
16,0.059058
17,0.084366
18,0.060118
19,0.068489
20,0.068659
21,0.073697
22,0.063607
23,0.069238
24,0.062127
25,0.067524
26,0.096725
27,0.085467
28,0.070762
29,0.060688
30,0.072446
31,0.065390
32,0.069673
33,0.070125
34,0.079241
35,0.077935
36,0.079658
37,0.069199
38,0.065572
39,0.066813
40,0.081326
41,0.067610
42,0.084843
43,0.088066
44,0.088761
45,0.066595
46,0.064446
47,0.118516
48,0.070538
1,0.405140
2,0.208474
3,0.178404
4,0.107083
5,0.089273
6,0.079468
7,0.065338
8,0.120789
9,0.055735
10,0.063561
11,0.105936
12,0.094768
13,0.094332
14,0.071841
15,0.082078
16,0.059794
17,0.109717
18,0.059252
19,0.064566
20,0.083318
21,0.064716
22,0.111411
23,0.062183
24,0.064604
25,0.063363
26,0.066164
27,0.063377
28,0.084391
29,0.067534
30,0.075746
31,0.092908
32,0.063886
33,0.073401
34,0.074052
35,0.110863
36,0.066682
37,0.077637
38,0.084131
39,0.091758
40,0.064799
41,0.064261
42,0.066890
43,0.083897
44,0.090150
45,0.081853
46,0.092709
47,0.095307
48,0.118456
1,0.397358
2,0.223219
3,0.146948
4,0.113279
5,0.090915
6,0.077185
7,0.074763
8,0.094600
9,0.060068
10,0.064371
11,0.078875
12,0.098670
13,0.059648
14,0.090724
15,0.059086
16,0.062630
17,0.079859
18,0.072602
19,0.059169
20,0.061448
21,0.074775
22,0.067976
23,0.092156
24,0.071305
25,0.064357
26,0.076312
27,0.059633
28,0.076530
29,0.068106
30,0.083246
31,0.092223
32,0.080441
33,0.072075
34,0.073734
35,0.063662
36,0.087292
37,0.070806
38,0.067004
39,0.090609
40,0.086192
41,0.103326
42,0.082706
43,0.066838
44,0.079480
45,0.105593
46,0.096772
47,0.091835
48,0.091982
1,0.400141
2,0.212473
3,0.139436
4,0.113548
5,0.089942
6,0.078297
7,0.066937
8,0.061464
9,0.128736
10,0.061965
11,0.115851
12,0.067992
13,0.064486
14,0.062348
15,0.066158
16,0.061792
17,0.086894
18,0.080211
19,0.065644
20,0.065511
21,0.072818
22,0.062805
23,0.146988
24,0.063942
25,0.066938
26,0.066430
27,0.063307
28,0.091954
29,0.074644
30,0.083085
31,0.064189
32,0.064438
33,0.085471
34,0.059726
35,0.072092
36,0.069750
37,0.064427
38,0.066077
39,0.078956
40,0.075735
41,0.064361
42,0.068418
43,0.063242
44,0.071238
45,0.088841
46,0.078626
47,0.072753
48,0.098313
1,0.396781
2,0.218026
3,0.142362
4,0.152539
5,0.236175
6,0.076579
7,0.065722
8,0.067075
9,0.068962
10,0.056449
11,0.056586
12,0.068290
13,0.066191
14,0.112623
15,0.061172
16,0.066893
17,0.074372
18,0.073063
19,0.085335
20,0.066079
21,0.060603
22,0.063138
23,0.078791
24,0.070995
25,0.068348
26,0.066259
27,0.075800
28,0.068206
29,0.075926
30,0.061790
31,0.065910
32,0.066954
33,0.080960
34,0.060443
35,0.124551
36,0.061056
37,0.062972
38,0.068219
39,0.084344
40,0.079043
41,0.084789
42,0.071462
43,0.076205
44,0.083538
45,0.089316
46,0.067092
47,0.107542
48,0.080081
1,0.437567
2,0.221684
3,0.150410
4,0.111731
5,0.089739
6,0.079564
7,0.065180
8,0.077999
9,0.088679
10,0.139085
11,0.055407
12,0.077119
13,0.082719
14,0.060703
15,0.178900
16,0.107063
17,0.095874
18,0.062269
19,0.071422
20,0.095801
21,0.062783
22,0.063706
23,0.081662
24,0.061238
25,0.061117
26,0.062424
27,0.074075
28,0.070731
29,0.081070
30,0.083177
31,0.065645
32,0.089370
33,0.074130
34,0.071578
35,0.066328
36,0.069707
37,0.104417
38,0.100527
39,0.084817
40,0.074666
41,0.077641
42,0.101289
43,0.095508
44,0.084173
45,0.071697
46,0.072370
47,0.092777
48,0.098253
