10,0.067459
100,0.040415
500,0.040113
1000,0.061226
5000,0.060392
10000,0.065301
50000,0.134045
100000,0.104420
10,0.059620
100,0.074040
500,0.042402
1000,0.041316
5000,0.051669
10000,0.050940
50000,0.110070
100000,0.114599
10,0.052908
100,0.048265
500,0.043427
1000,0.162426
5000,0.059729
10000,0.045741
50000,0.092735
100000,0.102082
10,0.069341
100,0.067930
500,0.108109
1000,0.036415
5000,0.054249
10000,0.052752
50000,0.109701
100000,0.172638
10,0.036004
100,0.035365
500,0.044812
1000,0.028722
5000,0.032241
10000,0.033360
50000,0.064617
100000,0.097543
10,0.027727
100,0.050698
500,0.051416
1000,0.041484
5000,0.046068
10000,0.039707
50000,0.074048
100000,0.102498
10,0.053851
100,0.026227
500,0.025875
1000,0.049198
5000,0.053984
10000,0.069890
50000,0.079784
100000,0.131015
10,0.043926
100,0.023657
500,0.038090
1000,0.046803
5000,0.048836
10000,0.044985
50000,0.084506
100000,0.154522
10,0.051634
100,0.040227
500,0.055779
1000,0.033857
5000,0.057653
10000,0.064083
50000,0.064856
100000,0.136565
10,0.034345
100,0.116854
500,0.041926
1000,0.068435
5000,0.055301
10000,0.041483
50000,0.099359
100000,0.102362
