1,254.929454
2,136.238123
3,88.002240
4,76.687840
5,54.929901
6,51.187017
7,42.887038
8,39.242453
9,41.071472
10,35.463058
11,31.802228
12,31.251259
13,28.797677
14,33.388575
15,26.087719
16,27.248726
17,25.687946
18,26.862639
19,24.480826
20,23.968304
21,23.743245
22,20.597438
23,23.523837
24,23.044555
25,21.964688
26,21.093338
27,17.779467
28,20.708029
29,17.333607
30,17.921348
31,21.356544
32,20.459639
33,19.462997
34,17.314999
35,20.598155
36,17.199861
37,16.347263
38,16.902121
39,17.592001
40,16.836767
41,18.226918
42,17.011374
43,16.829220
44,19.369974
45,14.121306
46,16.150070
47,15.039026
48,18.434930
