1,254.863170
2,175.446289
3,114.824009
4,74.842119
5,69.653606
6,49.173983
7,51.484711
8,42.808198
9,35.804800
10,37.720680
11,38.330825
12,28.297430
13,30.057110
14,25.154297
15,27.521376
16,25.947324
17,26.614892
18,25.033123
19,24.943685
20,24.457072
21,24.230819
22,22.083309
23,19.330133
24,17.965458
25,20.668070
26,17.776371
27,19.445631
28,17.818501
29,20.012971
30,18.086914
31,18.483197
32,22.055471
33,15.051635
34,16.392462
35,17.522219
36,17.738868
37,15.259026
38,18.371827
39,15.187237
40,20.800270
41,15.343390
42,15.320959
43,14.115694
44,18.855078
45,16.108745
46,15.111595
47,13.868131
48,16.692619
