1,254.983202
2,137.935207
3,101.542054
4,77.494795
5,63.812224
6,56.479204
7,42.322730
8,39.423158
9,34.463630
10,33.894179
11,29.654640
12,29.621699
13,27.868789
14,27.523857
15,27.206970
16,26.330736
17,23.601955
18,22.784187
19,22.880465
20,21.083467
21,27.137524
22,23.249040
23,22.898925
24,25.020365
25,18.255100
26,20.303594
27,19.059273
28,16.778400
29,17.747650
30,19.084840
31,16.077666
32,18.238754
33,18.813330
34,16.727798
35,15.727735
36,17.795336
37,15.247317
38,18.388120
39,15.701050
40,19.213276
41,16.804290
42,15.689889
43,14.122718
44,18.405268
45,14.414224
46,15.755200
47,14.040413
48,13.805895
