1,255.802584
2,143.104298
3,95.587470
4,73.967664
5,58.965192
6,54.209370
7,44.088521
8,41.186323
9,41.137934
10,33.330210
11,32.070102
12,32.579518
13,33.015468
14,28.330666
15,27.988539
16,25.544433
17,27.589173
18,29.077105
19,24.062989
20,25.386248
21,19.730484
22,21.501669
23,19.168295
24,23.737558
25,20.596240
26,23.539092
27,19.942528
28,17.827947
29,16.675086
30,21.478182
31,16.532730
32,20.270856
33,17.581475
34,18.018611
35,17.133114
36,18.190803
37,15.641031
38,17.031248
39,18.526026
40,20.515586
41,16.233909
42,16.475562
43,15.973424
44,15.552407
45,17.172718
46,13.786859
47,14.763007
48,16.682726
