1,254.779708
2,137.784311
3,95.289084
4,76.732460
5,65.508666
6,54.373205
7,50.300123
8,42.710231
9,39.041316
10,35.404021
11,31.664433
12,34.075043
13,32.512608
14,33.623202
15,23.719002
16,32.948577
17,25.191615
18,26.996005
19,25.682861
20,19.795753
21,21.932747
22,19.697399
23,20.736215
24,20.531432
25,18.801130
26,20.525417
27,17.699732
28,18.796363
29,17.360993
30,16.942621
31,18.332081
32,25.084907
33,16.328589
34,17.837468
35,17.109067
36,19.277475
37,17.196376
38,15.423407
39,16.037870
40,16.513141
41,15.950930
42,16.540248
43,14.695005
44,18.007880
45,14.532279
46,15.913473
47,16.498865
48,16.565050
