1,255.868315
2,169.301904
3,124.856798
4,74.497651
5,76.985479
6,52.928557
7,51.970550
8,42.077760
9,44.007617
10,35.544331
11,43.373422
12,28.293391
13,27.373899
14,27.528057
15,25.798483
16,23.660145
17,26.760798
18,25.778150
19,22.996051
20,19.622396
21,21.055257
22,23.030017
23,21.298621
24,22.132513
25,19.929749
26,19.603087
27,17.693475
28,18.927053
29,16.804683
30,18.645687
31,19.519309
32,20.323755
33,17.786628
34,16.031785
35,16.090511
36,15.281306
37,16.362516
38,18.221215
39,18.512082
40,18.764810
41,17.759064
42,15.455048
43,16.399922
44,14.361658
45,15.286174
46,16.042101
47,13.961838
48,16.934957
