1,253.223554
2,141.992838
3,89.414326
4,68.956876
5,55.639749
6,51.221958
7,41.800242
8,39.073214
9,39.330712
10,32.011127
11,35.994162
12,29.949236
13,33.356513
14,24.159561
15,28.763772
16,29.018192
17,28.835272
18,27.321870
19,23.266130
20,20.841873
21,21.143756
22,19.155317
23,21.359499
24,20.354375
25,18.518785
26,20.406652
27,20.079163
28,20.449342
29,20.857350
30,18.402762
31,17.320495
32,19.067255
33,17.500415
34,16.307746
35,16.458858
36,17.583773
37,15.333265
38,15.353757
39,18.947563
40,16.200878
41,18.513699
42,15.669395
43,15.605743
44,14.643338
45,14.629073
46,15.886923
47,16.554601
48,16.273095
