1,257.638836
2,130.313472
3,86.443121
4,64.218266
5,52.242522
6,43.944074
7,37.843519
8,33.015279
9,29.180862
10,26.529095
11,24.075640
12,22.635418
13,21.016889
14,19.801033
15,17.620563
16,16.926441
17,16.306223
18,15.152448
19,14.752068
20,13.779442
21,12.982802
22,12.505092
23,11.816053
24,11.351891
25,11.391232
26,10.689852
27,10.139324
28,9.917922
29,9.340009
30,9.033998
31,8.812559
32,8.706835
33,8.352515
34,8.178642
35,8.041179
36,8.793282
37,8.410933
38,9.150608
39,7.745532
40,8.535928
41,9.550949
42,8.149172
43,9.948893
44,8.222107
45,8.748842
46,9.653045
47,9.957985
48,9.388853
