1,257.402216
2,129.083362
3,85.517781
4,64.729267
5,51.835374
6,43.434590
7,37.143128
8,32.570671
9,29.019644
10,26.309108
11,23.756044
12,21.850369
13,20.209741
14,18.847355
15,17.690665
16,16.550211
17,15.714794
18,14.637259
19,13.839516
20,13.340805
21,12.624888
22,12.111369
23,11.519491
24,11.052721
25,10.918481
26,10.230642
27,10.087078
28,9.562912
29,9.291093
30,8.924684
31,8.796945
32,8.727734
33,8.186451
34,8.111031
35,8.060204
36,8.365986
37,7.747265
38,7.436007
39,7.378842
40,7.326507
41,7.943760
42,8.517141
43,8.044675
44,8.288818
45,9.320824
46,8.109815
47,8.180407
48,8.248027
