1,256.073202
2,128.004879
3,86.762116
4,65.199666
5,51.877350
6,43.146429
7,37.150396
8,32.529206
9,29.021592
10,26.171399
11,23.868669
12,21.816329
13,20.084379
14,18.823329
15,17.549957
16,16.473129
17,15.481666
18,14.674572
19,13.860159
20,13.239940
21,12.742988
22,11.980934
23,11.537854
24,11.176399
25,10.701317
26,10.435346
27,9.985222
28,9.673515
29,9.396610
30,9.023967
31,8.762502
32,8.429483
33,8.413774
34,8.111366
35,7.891510
36,7.552310
37,7.583592
38,7.555384
39,7.359409
40,7.441778
41,7.446797
42,7.634540
43,8.182761
44,8.605545
45,8.171081
46,8.270867
47,8.411113
48,8.605449
