1,257.651810
2,129.563036
3,86.836122
4,65.128149
5,52.098403
6,43.371210
7,37.555109
8,32.785185
9,29.327238
10,26.289406
11,23.864481
12,21.951399
13,20.212073
14,18.767948
15,17.573237
16,16.582969
17,15.739598
18,14.760200
19,13.978030
20,13.252928
21,12.663046
22,12.091240
23,11.583600
24,11.083837
25,10.769389
26,10.420587
27,10.149026
28,9.505301
29,9.338283
30,8.960811
31,8.664669
32,8.671362
33,8.220505
34,8.374385
35,8.372534
36,8.358734
37,7.788990
38,8.542961
39,7.789730
40,8.550364
41,8.664737
42,9.201756
43,8.402444
44,8.458574
45,7.523644
46,8.235067
47,7.976712
48,8.821360
