1,258.450562
2,131.096062
3,87.496197
4,65.629881
5,52.675508
6,43.818543
7,38.189120
8,33.523303
9,29.691147
10,26.537834
11,24.357823
12,22.139500
13,20.526820
14,19.123644
15,17.705815
16,16.703305
17,15.876805
18,14.958354
19,14.192730
20,13.500630
21,12.884634
22,12.246508
23,11.741566
24,11.408489
25,10.895137
26,10.413258
27,10.071515
28,9.793342
29,9.637415
30,9.510836
31,9.327260
32,8.791891
33,8.442248
34,8.628547
35,8.139571
36,8.257123
37,8.252319
38,7.801238
39,7.652335
40,7.538345
41,7.900900
42,9.469498
43,9.172967
44,9.012206
45,9.404877
46,8.367345
47,8.398436
48,7.890311
