1,258.478754
2,129.479936
3,86.720260
4,64.906570
5,52.646438
6,44.330475
7,38.184305
8,33.490219
9,29.493725
10,26.543473
11,24.195986
12,22.305833
13,20.504354
14,19.135525
15,17.921700
16,16.812472
17,15.811515
18,15.030076
19,14.134659
20,13.575111
21,12.844861
22,12.287910
23,11.886546
24,11.401769
25,11.059102
26,10.721701
27,10.117783
28,10.399467
29,9.529521
30,9.091698
31,9.063166
32,8.839429
33,8.458678
34,8.643693
35,8.554792
36,8.149864
37,8.983805
38,7.908737
39,8.432814
40,8.814136
41,8.660945
42,8.524693
43,9.238603
44,7.900689
45,9.492221
46,9.114602
47,9.512156
48,8.121701
