1,257.963154
2,129.731101
3,86.456588
4,64.965266
5,51.483071
6,43.506398
7,37.417506
8,32.733775
9,29.451541
10,26.513842
11,24.055985
12,22.027424
13,20.351287
14,19.017529
15,17.661579
16,16.655388
17,15.630164
18,14.712981
19,13.981352
20,13.304600
21,12.639257
22,12.116515
23,11.539360
24,10.951654
25,10.641625
26,10.225985
27,10.038115
28,9.790841
29,9.367308
30,9.035160
31,8.869204
32,8.699180
33,8.662656
34,8.245758
35,7.969413
36,7.952730
37,7.681851
38,7.618104
39,7.550993
40,7.992081
41,7.944350
42,8.313703
43,8.382651
44,8.998388
45,8.159384
46,9.678905
47,8.456283
48,7.981634
